13.8040
17.6839
15.8745
15.8492
15.8311
16.6641
19.0497
16.0350
14.4214
17.0208
16.1004
16.2000
0.0000
17.1714
16.8187
18.2172
17.1433
16.0330
18.1958
15.4042
15.8659
16.4358
18.3027
15.1463
15.7541
0.0000
18.3274
16.8896
18.8990
17.2121
15.9970
17.6548
15.8513
17.6814
16.5422
17.5144
19.6913
15.0176
0.0000
18.1077
16.7129
16.7404
16.8394
18.1553
17.2289
18.4534
20.1044
16.1649
17.0876
18.8069
18.8542
0.0000
18.8177
20.1316
15.8600
18.9164
18.1024
19.0640
17.0016
18.7239
19.4058
17.4046
18.6517
16.1835
0.0000
19.5255
17.2424
17.1535
19.6930
17.2803
19.6047
18.4601
22.2587
19.0704
17.5230
17.7694
18.4587
0.0000
18.8344
19.2286
21.2043
17.0371
19.6042
22.1589
16.6071
22.1359
16.9522
19.3334
17.3517
19.0940
0.0000
19.7605
19.9407
20.5104
17.4352
18.1980
19.4209
19.2382
18.2966
18.8570
19.9043
19.5085
22.9760
0.0000
19.6935
18.9840
17.9819
21.1875
20.0308
20.3911
19.8800
21.0881
16.9976
21.9551
20.3262
20.4120
0.0000
17.7475
17.7960
21.2792
19.3582
21.8814
21.4484
20.2627
22.5669
20.9065
18.2767
20.7945
20.4584
0.0000
21.3008
19.5899
20.5856
19.2275
20.0855
22.3969
20.2036
20.2973
19.8176
21.0822
21.6401
20.9282
0.0000
21.4287
18.8508
22.1119
19.4110
21.5906
19.9095
21.6191
21.7690
19.6484
22.9134
21.2846
21.4344
0.0000
22.3767
24.1245
20.5618
20.3954
21.2401
20.5128
20.9489
22.3191
19.7101
18.6437
23.0680
22.4702
0.0000
19.4337
21.8462
23.7616
20.2717
22.0716
22.0005
21.9065
23.6111
20.5987
22.0863
19.8705
21.7839
0.0000
20.7393
19.6900
21.1463
23.1550
24.1182
21.3663
20.2486
23.0754
24.6957
21.4174
22.4250
21.8707
0.0000
20.7491
23.8236
21.5284
19.5002
22.1151
21.2236
24.5349
22.1356
23.3982
24.6439
22.1787
21.1386
0.0000
21.7879
19.7415
22.9004
23.3894
21.9566
22.4476
24.4844
22.5584
22.7067
22.0611
24.9761
21.4256
0.0000
23.2144
23.8001
24.6081
23.3652
22.2304
22.1911
23.3818
23.1031
19.2326
18.4427
26.4302
23.3904
0.0000
22.8228
22.7298
24.7608
24.6541
21.8470
22.6330
21.2275
20.9083
23.0925
24.0134
21.9718
23.9382
0.0000
22.6503
25.1532
23.7246
24.2811
24.7463
23.7202
24.4355
21.2097
23.3703
22.7891
20.8442
20.9273
0.0000
22.6579
23.4548
22.4943
22.6513
24.3256
21.9837
22.3158
21.3483
25.1544
27.5567
23.0552
22.6556
0.0000
21.8486
23.8859
23.9278
23.9912
24.7882
20.8527
24.8581
22.5651
24.4470
24.5967
22.2038
24.6641
0.0000
23.4430
21.8454
26.9901
21.6810
22.8524
24.8596
22.4230
24.3564
24.3508
22.4795
24.0387
24.5562
0.0000
22.5800
24.0029
22.7069
26.0267
22.6318
24.7673
23.3949
22.7602
26.1074
24.2226
24.1238
25.4868
0.0000
23.5012
24.6824
23.4579
24.4783
26.9462
23.5933
24.1707
25.0886
24.4885
22.5641
22.3163
25.8904
0.0000
27.5383
22.2084
25.7346
26.2064
24.2543
24.2059
23.7202
22.0652
23.8845
24.8911
23.7045
22.8625
0.0000
25.0042
26.2248
24.2526
24.7673
24.6721
25.3538
24.0400
21.6112
26.7500
23.3256
22.7678
23.8920
0.0000
24.2731
26.3816
24.7875
25.9474
22.3801
23.3899
25.3169
24.1629
24.5386
23.5464
24.4908
25.7124
0.0000
25.3551
24.2543
26.5797
24.3940
24.5024
23.5382
27.6099
23.9789
24.4271
21.5387
24.4361
23.3160
0.0000
21.5587
24.1811
23.9226
24.0550
24.7296
24.5089
23.3307
28.9510
23.5704
26.2798
26.7577
25.6208
0.0000
25.4023
24.8022
26.7538
23.6285
23.6814
24.6084
26.1975
26.7860
24.5899
22.6067
24.6958
25.5756
0.0000
26.6089
24.6844
25.5212
25.4796
29.1811
24.0541
22.2826
22.8238
22.7688
24.2402
28.0223
24.7053
0.0000
25.9864
24.1636
22.5487
25.4048
26.6878
24.8779
24.9341
22.0828
26.6094
25.4428
26.2288
24.4748
0.0000
25.5310
25.5225
25.6912
26.1423
24.6430
24.5831
23.6648
26.2596
27.3742
20.7151
26.9092
23.9915
0.0000
25.4771
25.6702
23.7665
24.6018
25.0507
24.4247
26.2966
27.2538
24.6368
24.7242
25.3184
24.8007
0.0000
25.6562
24.9921
25.2392
26.4779
23.3075
25.0442
26.5615
22.5350
24.9214
27.5350
25.0437
23.2709
0.0000
25.8503
29.2076
23.0177
26.9332
25.7822
23.4504
26.3636
24.3892
23.7960
26.0291
24.3151
23.8655
0.0000
24.3841
26.2979
23.8619
25.8147
27.1235
24.4138
23.8841
23.3311
25.2555
26.6814
24.8471
24.1094
0.0000
24.7522
26.7427
24.3688
24.5426
25.4644
24.5260
22.1232
27.5903
25.2986
25.2442
25.2572
25.0992
0.0000
26.2220
26.0764
25.8487
24.6125
27.4189
25.2317
25.8881
23.4876
25.1529
24.3876
22.2608
26.5493
0.0000
26.6451
24.1523
25.5065
24.9072
25.7142
24.7474
25.5832
26.6994
26.6709
23.9276
23.9968
26.3550
0.0000
28.4266
27.5387
24.7340
24.8532
22.3484
26.8614
24.4448
25.9130
24.4359
24.3601
24.6183
26.4321
0.0000
26.0117
26.6664
24.0153
24.2052
27.6779
25.7736
25.6926
27.0275
24.5147
24.5054
24.1457
26.6226
0.0000
23.5372
26.8926
26.6908
26.5422
26.9531
24.6054
25.7993
24.7140
27.8660
23.9454
23.9506
25.5843
0.0000
24.6241
23.8143
28.4647
27.1616
24.6346
24.7386
26.2969
23.7537
26.7893
24.6693
26.0567
27.6809
0.0000
24.7905
27.5725
24.6266
26.4869
25.1423
27.2056
24.2631
26.6951
23.6596
27.0362
25.8004
25.7723
0.0000
23.7015
24.7481
25.7166
27.9635
28.8992
25.6337
25.0291
24.5777
24.6409
26.5344
26.3447
25.4312
0.0000
24.3671
25.8179
25.7986
26.4167
29.2812
25.5384
27.3247
26.9601
24.0441
24.7843
23.9706
25.9924
0.0000
27.4544
26.1914
23.0397
25.2429
25.4316
26.8582
24.9051
26.4348
26.6335
26.2654
26.8984
25.3340
0.0000
27.9284
24.4198
25.3047
29.2818
25.9000
27.3052
25.9106
24.6493
25.9844
24.7038
23.5924
24.7137
0.0000
24.3397
24.8570
28.5441
27.0588
25.0855
27.4640
24.1271
29.3271
27.0836
22.7417
24.7344
24.3428
0.0000
25.6526
26.0383
23.9019
23.4921
26.7024
25.5020
27.2410
24.9898
24.2569
27.0548
27.1034
26.3082
0.0000
23.0786
27.0925
24.5509
26.8884
25.2127
28.1469
27.6059
26.7173
26.4875
26.5835
24.7009
23.1468
0.0000
26.6808
26.3413
25.6928
25.0264
24.2626
26.4768
24.1579
26.6031
25.2166
23.9118
27.0403
26.5207
0.0000
27.4461
25.7952
26.1059
27.4407
25.0095
24.3976
26.4983
26.8542
26.3507
25.9731
23.7901
24.1791
0.0000
26.7450
29.1740
25.3494
25.1491
25.4654
24.6572
22.7783
25.0837
26.1613
24.8328
25.9839
29.3440
0.0000
25.3416
25.1451
25.4586
24.5184
24.3982
24.6042
27.1727
26.6545
27.6242
28.7704
24.5912
24.6436
0.0000
25.8669
26.3357
24.9661
25.0296
25.8084
27.0355
26.7422
23.6762
27.2964
24.2771
24.8913
26.8423
0.0000
27.3843
26.3904
24.0498
25.3409
28.1850
26.5667
27.1091
25.3584
21.7051
25.9779
26.1221
25.2847
0.0000
26.8740
25.7943
25.4279
24.9375
24.2726
27.0744
24.8646
26.9005
24.3738
24.5972
24.0705
26.4775
0.0000
24.2318
24.5452
28.2016
25.8058
25.4684
23.7036
27.2113
26.5232
26.0498
25.3716
24.6511
25.5623
0.0000
24.9952
25.2180
24.0352
26.4893
23.7173
26.1079
24.9401
25.3671
27.1173
27.0315
24.6073
26.0334
0.0000
25.0178
23.9939
24.1329
26.2262
25.8811
25.7317
25.6748
20.7960
28.6693
27.0853
27.0002
24.6150
0.0000
24.6165
22.8941
25.3350
24.0096
25.1958
24.9356
25.0279
26.4475
27.0553
24.9745
27.9191
25.9649
0.0000
29.0697
24.6163
25.6671
21.4001
26.7101
26.3339
25.4752
23.5910
25.4166
25.2505
26.4561
23.9273
0.0000
22.7212
26.0452
24.6735
25.3649
23.7132
25.8481
25.1966
26.3142
25.2022
27.2838
26.6960
25.7863
0.0000
25.9348
24.4285
25.5105
24.8530
24.8603
24.6863
22.8542
24.7069
24.9046
27.1652
27.1319
26.5159
0.0000
23.8302
26.2539
22.7341
26.3036
24.2299
28.0842
27.0531
24.7289
25.1255
27.2775
25.4837
24.7283
0.0000
27.3276
26.4179
27.9061
25.5671
23.8980
25.9578
24.6951
24.3218
24.8113
23.4323
24.9548
26.1053
0.0000
25.6353
26.7383
23.8974
23.8088
25.3024
29.4731
24.8369
25.6825
23.0170
26.2720
24.9688
25.0296
0.0000
26.1709
25.0584
23.8851
26.7097
23.6995
24.9633
25.6482
26.1760
25.9089
24.4417
25.2029
26.9714
0.0000
24.2839
26.4903
27.2041
23.5362
23.6873
27.7609
25.8936
24.1828
22.9676
25.5627
25.6529
25.4373
0.0000
25.4171
25.0308
26.1013
26.5144
25.4937
25.3171
22.8817
27.6709
24.6170
24.8468
24.8198
24.9088
0.0000
25.5339
25.5745
24.3352
21.9304
26.6500
24.1658
25.0344
25.0130
25.2849
26.4402
25.2952
25.2417
0.0000
23.9606
24.4808
25.0002
26.4603
25.3185
23.8433
27.9695
25.8274
22.3229
24.5847
26.3665
25.4460
0.0000
26.4591
25.0450
27.3450
23.6482
23.5800
24.9286
24.4736
24.9612
25.6123
23.7133
27.3638
26.4114
0.0000
23.9830
24.8642
23.3697
25.5997
28.3198
26.0913
27.1449
23.3460
23.7183
24.7940
24.9768
26.6528
0.0000
25.8367
25.4735
24.5945
22.8963
24.6172
25.3161
24.6911
24.7441
25.3082
27.0531
24.6162
27.5113
0.0000
25.3441
25.8103
25.5092
25.0682
24.6768
23.0504
25.0043
23.9725
27.7574
27.8666
24.7067
25.7036
0.0000
25.6357
25.4649
26.3330
23.6864
25.2937
25.3844
24.4120
24.2847
27.3972
25.5419
25.6656
23.8991
0.0000
22.6977
23.1968
26.2197
26.2996
26.6657
25.5365
25.2254
27.5323
26.3430
25.1156
24.3801
24.8976
0.0000
25.1272
23.6708
25.7154
24.9190
25.3805
23.5296
27.6076
24.5118
24.7751
25.4755
26.8624
25.6349
0.0000
26.1153
24.0667
22.3078
23.9932
26.7356
27.2243
26.9422
25.2615
25.7083
24.9465
23.6182
25.5478
0.0000
24.4714
26.3888
25.0548
26.6391
25.3661
25.7697
24.6986
24.6300
24.4846
23.2185
26.7803
24.6416
0.0000
26.1957
25.5743
25.5659
25.9519
24.0569
25.8210
23.0399
24.6430
27.3314
25.4980
22.9824
27.0542
0.0000
24.4406
27.8860
24.6599
22.2625
26.7378
25.0486
25.0490
25.4327
25.8137
24.7391
25.7952
24.4946
0.0000
26.9857
23.9738
23.9564
26.0942
26.7755
25.4752
24.8759
22.4502
24.8786
26.8313
23.3678
28.1074
0.0000
25.9331
24.0455
24.6477
24.1616
25.5372
26.0632
24.3948
26.8385
24.6014
26.3329
25.0539
25.3769
0.0000
25.9869
26.0701
24.1162
24.1187
25.5394
25.7388
24.7064
23.4587
26.7865
24.3470
24.7027
24.9242
0.0000
24.1931
28.9942
25.6167
27.2182
24.6685
25.8416
24.6501
22.5981
25.5829
25.2562
22.8265
24.8493
0.0000
23.1667
22.7933
25.4835
27.5126
26.3197
25.3909
25.0605
24.0483
24.0048
25.9102
24.4890
28.4204
0.0000
23.9144
23.3986
26.1650
25.4277
24.1203
25.3513
26.7609
25.7434
23.4387
25.4837
25.1558
26.4563
0.0000
23.8800
24.3061
24.4581
23.8580
24.0327
26.2155
25.1983
23.3665
25.8154
28.3801
24.7839
25.0738
0.0000
23.9633
27.5922
24.0258
24.1550
26.1158
24.9435
26.7548
24.5530
25.7917
22.8904
22.6943
25.0654
0.0000
22.8162
23.5275
26.2393
24.3094
27.1033
26.5816
25.4516
25.5308
25.3195
24.9725
23.1594
24.7126
0.0000
25.4075
26.0761
23.7857
25.6411
24.8257
26.0000
24.4029
26.4224
22.8705
24.9003
25.3120
23.6825
0.0000
25.5244
24.9587
26.1850
23.7693
24.9397
24.5291
24.6056
24.0180
25.5010
26.7510
24.4284
24.7405
0.0000
25.2684
23.6992
26.8959
26.5005
23.4295
22.6241
24.4500
25.9390
25.5718
23.0542
23.7004
26.9253
0.0000
26.4651
25.7002
25.4950
23.0821
23.9382
26.4949
26.3626
22.9876
25.0951
25.1814
24.9175
23.2358
0.0000
24.7661
24.5570
23.9828
26.1889
27.3627
23.5804
23.3181
24.2850
25.5644
24.4346
27.1745
25.8582
0.0000
24.7610
23.3066
24.1732
24.9322
27.4110
24.5203
24.2246
25.7916
24.0524
25.3118
25.6059
24.5604
0.0000
22.8265
25.1889
24.5447
25.6085
26.4644
25.1010
23.7860
25.2214
27.5643
22.8494
26.8351
23.9375
0.0000
26.6442
23.1687
23.0084
25.3562
25.5071
24.1942
27.7653
23.2969
24.3909
23.7844
25.1967
25.9606
0.0000
25.4170
23.9375
27.0945
25.6291
26.9982
25.0104
25.4418
25.4773
22.7772
25.4255
22.7253
24.6814
0.0000
24.7661
24.6380
23.5890
24.2775
27.6872
26.6613
21.7846
26.8722
23.0438
25.7620
23.2562
25.6267
0.0000
26.0784
24.2029
23.8792
24.7261
23.4261
25.3447
25.6826
24.7488
24.6619
26.2755
25.2382
25.1399
0.0000
23.1096
26.4874
23.6381
26.1301
23.5393
26.0378
26.8402
24.3596
27.6150
24.3729
20.8785
26.4529
0.0000
26.5079
24.1558
26.1646
23.4799
22.6880
26.0142
23.8493
26.8033
25.4570
27.6773
24.5040
24.6262
0.0000
25.0197
24.6675
26.5843
24.7090
23.8302
25.2329
24.7405
21.7480
24.9717
24.4648
28.5076
25.4543
0.0000
23.2452
23.9153
26.5999
25.4319
25.2099
25.8845
25.4098
24.2390
24.1444
24.6586
23.9167
25.5873
0.0000
23.2978
25.1964
25.8824
23.5577
24.0921
25.9713
24.7216
25.3942
27.0938
26.0427
25.6707
24.3680
0.0000
24.8707
23.8936
25.8740
24.9738
23.5091
26.5739
23.8235
23.7557
26.3862
26.7744
23.4297
23.8902
0.0000
23.9335
24.2258
23.5469
26.4090
28.2669
24.9767
23.8875
25.3678
23.5898
27.1768
24.7000
22.5855
0.0000
26.1763
26.1089
23.9275
26.5292
24.4619
25.0440
26.6555
22.7441
26.3577
21.7863
24.0368
25.1175
0.0000
25.2434
24.3239
25.4908
25.4221
26.0854
25.0197
25.0483
27.8491
20.3667
22.7006
24.8801
27.6215
0.0000
24.2356
26.4662
23.1518
22.8989
25.2900
23.7479
24.5849
23.5110
24.8570
25.3958
25.7839
27.6172
0.0000
24.4875
26.3732
23.8288
26.9623
25.1380
24.1252
23.7649
23.0435
25.1457
22.7288
26.9152
24.0803
0.0000
24.4752
26.1838
27.4652
26.5956
22.8840
23.5105
21.9786
23.1147
27.0615
25.2726
24.4948
23.8916
0.0000
23.6665
22.2423
24.7141
23.9361
26.2252
23.5569
24.2171
25.6492
24.2257
25.7200
25.1873
23.6806
0.0000
25.0823
22.4630
22.5234
25.1763
26.4231
24.2098
24.3394
24.6534
22.9288
25.7056
24.2356
25.3899
0.0000
23.2208
24.9653
24.3421
22.9756
24.0536
26.3649
26.4788
23.0592
24.7923
23.4795
25.8147
23.1397
0.0000
26.9805
25.2125
22.3732
22.4194
24.9413
24.8733
26.5854
23.8044
21.8978
27.1648
23.7134
24.8080
0.0000
23.2514
27.6565
24.8347
22.2019
24.9297
24.3849
23.6780
24.3016
22.5398
24.8433
25.8378
23.1758
0.0000
25.3256
24.0337
22.1659
24.2055
21.7434
25.1118
23.7372
23.9015
23.8123
24.5911
28.6147
24.0421
0.0000
23.1311
24.4827
27.1204
22.4550
24.3894
24.6593
26.5512
23.7502
21.7681
23.7690
25.5950
24.2277
0.0000
25.0488
24.9919
24.8047
21.0915
25.0303
22.7732
24.6764
24.4385
24.5180
24.8719
24.6913
24.2375
0.0000
23.0760
26.1439
24.8577
24.9585
22.4228
24.6527
25.2523
23.6750
23.7794
21.5067
24.5986
25.8512
0.0000
26.6419
24.5618
23.8435
25.2405
22.8991
25.2019
24.0516
25.5251
23.9043
24.1342
22.5958
24.8309
0.0000
26.8138
23.1042
26.1680
24.1798
22.3676
24.1118
25.1345
24.7613
22.9662
24.6137
21.9241
25.5237
0.0000
25.0667
23.2547
24.0510
24.1788
23.6674
25.7103
25.0764
24.0815
23.8975
22.0380
23.9017
25.5647
0.0000
25.3601
24.5737
24.4575
24.3757
22.4072
23.6465
24.3981
22.8768
22.4947
24.5877
25.8733
25.8626
0.0000
25.0923
23.6835
24.3091
25.2210
22.0395
23.6596
25.0149
23.5371
26.2026
25.6731
22.4952
22.3327
0.0000
23.4953
25.0705
22.3500
23.7670
25.9297
25.2712
25.2336
22.4851
25.9549
23.2514
24.5681
23.0882
0.0000
23.3139
25.4908
25.3934
23.6418
23.8872
23.1024
22.9664
23.1644
22.0000
23.9105
26.1002
26.1448
0.0000
25.5895
23.1354
26.4156
23.7197
21.2285
23.1656
22.8722
23.3871
22.7306
24.8186
26.4642
24.1793
0.0000
23.5784
24.7219
24.2935
23.1423
24.0103
25.1857
23.9659
23.5646
22.6834
23.2701
23.1026
25.4524
0.0000
22.2779
22.3234
25.4995
21.2214
23.8195
25.3470
24.0437
25.2684
23.1112
22.8645
26.3992
24.2736
0.0000
23.2332
25.1922
23.9605
24.9529
25.9682
22.2410
24.9077
24.6611
21.8028
24.3500
22.3175
23.9505
0.0000
22.0163
23.8867
24.9761
22.3411
24.3807
26.5126
23.9650
24.5300
24.6555
21.3200
25.4546
24.4878
0.0000
23.7697
25.2155
23.0786
22.9468
25.3115
21.8485
25.1429
24.2748
20.9195
27.3003
23.3312
24.8752
0.0000
25.9926
22.1847
21.9413
26.0433
23.9229
25.5038
23.7543
24.6774
23.9883
21.8304
23.9865
24.9462
0.0000
24.2411
24.9119
23.9363
23.6048
26.0376
20.0530
24.6313
23.9933
24.5496
22.0229
25.4536
22.0694
0.0000
24.4324
24.9575
24.8941
22.9251
21.7015
21.8338
22.1183
26.7772
22.7404
24.7198
24.0625
26.0097
0.0000
24.8348
25.4970
23.4834
24.4990
24.2601
23.4387
22.4065
22.6162
24.9717
25.0725
23.0234
23.9446
0.0000
22.8356
23.4947
24.6262
22.8029
24.6123
25.4752
23.1157
27.0507
21.3589
25.0845
22.9652
24.5471
0.0000
25.4068
26.0920
25.9997
23.2352
23.2647
25.4397
24.2272
23.2682
21.4750
23.0215
21.9633
23.2733
0.0000
21.2860
24.9271
22.8088
25.3978
22.8046
25.7111
22.9039
24.6265
22.9489
23.6172
26.8919
23.7640
0.0000
25.7979
21.6110
24.2061
25.9559
23.6259
24.4080
24.0901
24.5085
23.9186
23.8745
21.9244
23.5499
0.0000
23.6988
23.9276
24.8481
22.9298
23.2983
23.4344
24.8491
23.4640
24.0382
22.5846
24.1661
24.3214
0.0000
23.2424
25.1296
23.4822
24.5544
24.6123
24.0791
23.8281
24.3327
27.0779
20.1456
24.4875
22.4090
0.0000
26.0978
21.9645
21.0145
25.5531
23.4382
23.6214
23.3932
25.6741
24.1267
24.5584
23.7064
25.7274
0.0000
23.0530
22.0257
23.0723
23.1825
22.1600
24.7869
24.6611
23.3071
23.1288
24.9712
27.3810
23.8061
0.0000
23.2474
23.7974
26.4411
21.3638
24.3904
25.2153
21.0411
24.6135
24.9092
24.5872
25.3621
21.0991
0.0000
23.0417
25.0610
23.4358
23.7428
23.4284
22.8200
23.8825
23.0450
24.5464
21.0426
22.9792
26.9623
0.0000
23.6339
25.8788
22.9307
23.0907
22.4730
21.8895
23.8589
24.0594
23.6233
22.9632
24.9783
23.5767
0.0000
24.1101
22.2036
24.3711
22.6000
23.3507
23.5142
25.1543
24.5625
21.8665
23.7056
23.4998
22.7423
0.0000
23.7163
23.3666
23.3901
24.8412
23.2320
25.3546
22.8558
21.2837
23.8356
23.9034
22.4312
22.6700
0.0000
25.2949
20.1459
23.1544
22.8054
22.8040
25.5055
22.9562
24.2321
23.1764
23.7286
25.0305
22.0767
0.0000
23.2190
23.9460
23.4849
22.3179
21.4067
21.7656
25.4282
24.7404
23.8204
23.1151
23.5130
24.6047
0.0000
21.8491
24.1042
22.0170
20.4696
22.5237
25.1830
23.1714
23.2904
25.0804
22.9510
24.8455
23.9737
0.0000
22.3864
22.6319
23.7938
24.0142
23.8867
25.9424
20.7181
24.3782
22.9645
23.0708
23.4738
23.0223
0.0000
23.8486
24.8584
22.1480
21.9925
24.0757
24.6376
23.1810
23.8896
25.0408
23.1394
22.6621
20.7864
0.0000
25.5274
23.8950
22.4721
21.1501
21.5898
22.1972
23.6043
23.4471
21.3603
25.3405
24.4666
22.5646
0.0000
22.0940
23.5796
24.9711
25.1870
22.0107
21.1533
25.9275
23.4361
22.3456
21.0254
23.0682
24.9219
0.0000
23.8843
21.9129
23.8060
22.1545
24.1204
25.0409
23.7065
23.3191
23.8955
24.5747
23.1612
22.0676
0.0000
21.9876
26.0832
20.0103
24.6679
21.7022
20.7253
22.9735
23.4488
22.5826
23.5565
25.6646
27.1581
0.0000
23.5188
21.6059
24.6709
25.8015
20.7267
21.6255
21.8270
25.2918
25.8004
23.8447
22.9261
24.0334
0.0000
23.6375
23.7610
24.0126
24.5079
24.1282
24.8916
23.2166
23.1960
22.7917
21.9851
23.1818
22.6413
0.0000
21.9216
23.7026
23.1411
21.7190
23.1624
23.9589
23.6798
25.9078
23.9204
23.0033
25.9771
22.4387
0.0000
21.7406
20.9231
24.1353
26.0340
24.9955
22.5562
26.3735
24.1753
25.6910
23.5438
23.5452
20.6580
0.0000
23.2666
24.6079
22.9077
23.9832
24.4174
22.6122
20.1531
23.4216
21.8617
27.9542
23.7486
22.6493
0.0000
22.6146
21.4341
22.7627
22.3144
24.1128
27.0169
22.2041
24.6855
26.2362
23.2715
22.3477
22.6516
0.0000
24.2925
23.8770
23.9137
24.3677
24.2227
23.3980
23.0173
23.7897
24.3261
20.7007
24.6997
21.7375
0.0000
25.8893
23.8492
24.5672
24.0698
22.1509
23.0072
24.2419
23.5267
21.0002
21.4955
22.7533
24.4243
0.0000
23.2615
24.7879
23.8366
23.4488
24.1687
23.6050
21.9361
23.6238
24.4315
22.6131
21.3100
24.8735
0.0000
23.9978
21.8500
24.0929
22.5445
23.5610
23.6918
24.0293
23.9541
22.4778
25.4122
24.9963
22.6322
0.0000
25.5539
23.2566
23.8459
22.9741
25.9378
25.3547
23.7675
23.1061
23.1375
22.5728
22.4736
22.2188
0.0000
22.7337
21.6537
22.2663
22.1962
25.0959
23.5518
23.4995
24.5525
22.6604
25.1545
26.9495
22.8419
0.0000
25.5305
21.1164
21.0455
25.7917
24.0221
26.4060
23.2202
26.1396
21.9895
26.6463
20.9069
21.7443
0.0000
24.0601
23.1514
21.7964
20.8660
23.0021
24.8351
23.5171
22.0163
26.5164
23.4652
25.2584
24.7227
0.0000
21.7302
23.8368
22.7592
23.3478
23.0185
25.5617
27.9862
25.7039
23.6296
23.0735
22.8223
21.3841
0.0000
23.6882
24.2189
23.7627
22.3678
24.3718
22.5047
23.0966
22.6987
23.3991
26.0134
23.9717
24.7075
0.0000
22.6111
22.8409
24.7535
25.5018
21.9644
22.7689
24.8998
23.5736
23.3821
22.7337
24.7119
22.4534
0.0000
24.4779
22.2365
24.1208
23.2883
24.1909
23.8691
23.0940
21.7852
24.3316
21.5448
23.7752
24.9146
0.0000
22.4616
23.7144
23.5686
23.3026
25.2248
22.7696
23.3938
23.6745
24.2505
21.7739
22.7867
23.1328
0.0000
21.8400
23.5423
22.5727
23.2144
23.6902
25.5743
22.8326
26.4662
24.1639
24.3182
21.9823
21.0953
0.0000
24.0181
24.2718
23.2543
27.2961
21.6365
22.8442
25.1064
22.7900
25.4788
20.1983
22.1886
22.5247
0.0000
21.5186
22.1458
23.8524
24.2086
22.4774
22.2878
22.7867
24.9004
22.7422
24.0717
22.0931
24.1096
0.0000
20.1279
25.1752
25.4059
21.4864
23.1149
21.6770
24.0017
23.3632
23.2385
24.0726
22.9534
23.1373
0.0000
22.1762
24.0813
23.9871
24.3575
24.6476
24.3179
22.8596
19.7982
23.7761
23.6159
22.6390
23.1901
0.0000
23.9900
23.1168
22.2635
21.7953
22.2316
22.9811
22.8963
24.0045
25.7603
22.5744
23.0047
25.7845
0.0000
23.9736
23.1276
23.1252
23.0938
22.4967
25.8046
24.6825
22.8442
21.1612
20.8379
23.2588
22.8713
0.0000
21.1471
22.0144
26.3512
24.9864
22.3987
24.7633
21.6958
22.5885
22.8388
22.9325
22.8894
23.2663
0.0000
23.0493
22.4190
23.6743
22.6680
22.4444
23.8258
20.8202
23.4702
24.7577
23.6626
22.7943
22.4251
0.0000
23.6799
22.5549
23.3423
23.6946
23.4534
22.5980
21.8323
24.0745
23.1411
20.9502
23.5757
24.3494
0.0000
22.3857
24.3075
22.2443
24.4706
23.4907
22.5959
22.0070
23.1478
26.2297
23.2709
20.6996
23.1544
0.0000
22.9185
23.5139
23.0163
24.9869
23.4512
24.3743
20.7849
23.1034
21.4839
22.9545
23.9592
22.6103
0.0000
22.8190
21.6427
24.2361
25.4212
20.1837
23.6465
21.6252
24.3206
24.7934
22.7898
23.0476
22.7647
0.0000
24.1317
24.6791
24.6357
21.5387
21.7258
20.1406
23.4900
22.3589
23.3149
25.4269
22.6061
23.0644
0.0000
26.1339
20.6968
21.7741
21.7192
22.3336
21.8120
23.9065
23.0839
23.5139
23.2567
23.0644
23.4834
0.0000
22.4308
23.2996
20.8667
22.9161
22.7036
23.4324
22.6724
22.4863
24.1079
22.2725
21.4966
23.9092
0.0000
22.3487
23.0918
25.3911
22.9358
21.8163
23.9794
23.8777
19.6012
23.5806
22.3494
21.2707
23.0921
0.0000
20.1929
22.9190
22.0561
22.3042
24.0426
21.0889
22.2012
24.5685
23.6670
21.6182
21.8351
26.1055
0.0000
23.5665
19.8163
25.4201
19.5208
23.8805
22.9675
20.5464
23.9568
22.9548
21.5119
24.7609
25.5189
0.0000
22.8535
20.9954
22.9426
22.2393
23.0656
22.7430
22.2348
24.3428
23.1558
20.9617
21.8840
25.4345
0.0000
20.9915
22.2615
21.9901
24.5791
24.6036
21.0092
23.4766
23.6565
23.9993
22.3987
20.5158
22.7978
0.0000
21.9124
20.8146
22.2704
23.9383
20.5873
22.6654
22.1688
22.4442
23.2839
24.0057
21.0862
25.6053
0.0000
22.5308
20.2328
21.9917
22.7688
24.6300
23.8180
21.9837
22.6144
21.4881
24.7664
24.1511
20.5453
0.0000
22.3290
20.0718
20.1710
20.9010
23.9782
22.2578
21.9812
22.5913
24.9851
23.5305
25.2293
23.2219
0.0000
23.2087
21.3983
21.2340
21.2317
22.7808
22.0798
24.2490
23.5161
22.5741
23.5852
22.7531
23.5005
0.0000
25.9914
23.3936
23.6700
21.9242
24.7666
22.1314
22.0623
24.2011
20.5471
21.4986
21.3146
21.5793
0.0000
22.9998
21.4928
22.2632
20.5605
24.5590
22.0578
22.2846
22.5282
23.7183
21.8493
27.4770
21.5039
0.0000
22.8541
24.3500
23.5850
23.7119
21.1490
20.0078
20.6363
21.8279
22.0091
25.3450
23.0928
24.6949
0.0000
22.6184
21.8816
22.0223
22.5346
23.2561
21.9029
20.0949
24.6396
26.0732
21.6901
21.7726
23.2312
0.0000
22.8349
22.8808
24.7432
22.7366
24.0201
22.1754
23.9526
22.5881
21.3490
23.7195
19.4577
22.8987
0.0000
23.8609
22.0175
21.6105
21.6048
22.0187
22.1768
24.7233
22.0518
23.5774
22.4028
23.2457
23.0632
0.0000
22.2596
23.1577
20.3653
25.1334
22.1630
19.5913
22.4490
22.1326
23.5544
24.3412
23.2565
23.3726
0.0000
21.7666
22.2846
22.9752
23.0569
22.9719
20.7390
23.1497
20.3505
20.9497
22.7820
24.0831
24.2743
0.0000
20.0643
22.3673
22.4618
24.6386
22.4320
24.7107
20.2670
22.3584
21.5478
25.5771
22.1550
21.6684
0.0000
21.8056
21.7646
23.9169
20.8051
22.0412
22.7668
22.1473
21.6749
23.5088
22.5561
24.5893
23.7031
0.0000
23.4993
22.4597
19.0700
23.2332
23.2820
20.1522
23.7180
21.6207
25.3394
21.2514
21.9200
23.2546
0.0000
21.5556
20.8182
22.3384
21.2066
23.2661
25.5263
20.9198
23.1450
21.0965
23.9841
22.3632
24.3072
0.0000
21.7678
23.2411
24.2472
22.4988
22.2796
23.1345
23.0337
20.6211
22.9370
22.5397
20.3625
22.7209
0.0000
20.3559
22.3433
21.5654
23.2500
24.4206
22.7642
22.7452
21.1338
21.5735
21.3479
23.2425
23.5825
0.0000
22.0524
23.1370
21.5369
20.8316
20.0138
24.1988
22.5048
23.2102
21.7820
21.6495
25.6780
22.3175
0.0000
21.0359
24.6934
21.4268
21.6452
24.9503
24.8627
20.0906
22.9363
20.6989
21.7959
23.3611
21.5725
0.0000
24.2234
22.7933
22.4722
23.3699
21.2141
20.8711
22.6038
21.8580
23.2249
24.3788
22.1534
19.7870
0.0000
21.7585
23.7475
19.3897
22.3752
22.1644
23.1604
23.1394
22.5330
20.7865
23.0369
21.9384
22.3577
0.0000
21.2337
19.9013
19.7430
23.9824
23.7021
22.1683
23.6629
22.8684
19.9816
23.6468
22.5543
23.6416
0.0000
22.6689
23.9752
22.9724
21.6082
21.4009
24.2964
20.4637
20.1572
21.7879
25.1158
22.1532
21.3922
0.0000
21.0119
22.3204
22.8599
22.9818
22.3089
21.1252
23.2251
22.3606
22.9233
23.8269
21.4855
21.1052
0.0000
20.6348
24.0146
24.7154
22.2288
21.7630
22.1642
19.9171
23.4459
20.9536
22.9878
20.1893
23.2382
0.0000
20.2898
21.7446
22.4748
23.0290
21.1017
21.6723
22.8096
20.4216
23.0698
21.7692
24.1825
23.4648
0.0000
21.7081
22.0274
20.5833
21.3371
21.3440
23.5771
23.8838
22.6108
22.3284
22.0608
21.1308
21.3885
0.0000
22.7878
20.8375
20.3197
23.2426
25.6692
22.2752
23.1248
21.2824
21.8447
19.9416
21.3976
21.4168
0.0000
21.6373
20.7463
24.7208
21.3291
23.0444
20.4708
22.6658
22.6084
23.4444
23.8430
19.5750
21.5879
0.0000
23.0045
23.9362
19.4565
25.2833
23.6957
21.7810
21.0553
20.9459
21.9263
19.9803
21.8923
22.0900
0.0000
21.7382
23.9315
19.1212
21.7778
21.8651
24.0068
22.2830
20.9373
22.5870
24.2739
20.2448
21.9932
0.0000
20.9415
22.7557
23.2937
22.5884
21.4181
21.5651
20.9007
20.8321
21.9756
21.8094
22.0701
23.8346
0.0000
21.8442
23.4975
22.6580
21.6426
20.1796
21.9135
21.1650
21.8172
18.7591
21.6433
24.8268
24.0154
0.0000
22.5630
19.3845
21.9202
22.4368
21.9279
21.3520
22.6511
21.1600
19.8869
23.0076
24.9060
22.3724
0.0000
24.6593
22.6611
21.6906
22.7480
19.2158
21.1206
23.1934
22.6099
20.0369
23.3923
22.5159
22.8533
0.0000
21.5178
24.3493
20.6651
23.2664
23.1610
22.7205
20.3325
19.5239
22.1853
22.9812
22.5365
22.3868
0.0000
20.9578
23.1942
22.9013
20.5296
22.6299
21.3710
21.0071
22.6636
22.6188
23.5523
21.4917
19.9527
0.0000
22.1216
23.0918
23.7709
22.8527
21.8930
21.2322
23.2133
19.1819
21.4979
20.6402
21.7505
22.2294
0.0000
23.4954
21.7560
20.4223
21.5154
21.3833
24.4252
21.4332
20.7015
22.0803
22.5525
19.8179
22.3247
0.0000
20.6035
21.6673
21.9803
22.8400
21.5717
24.0680
21.6922
19.9701
22.0974
23.7026
21.2383
23.2678
0.0000
19.0521
23.1171
22.7717
22.8894
20.2394
22.5779
23.5950
24.2056
20.9134
21.8343
20.2683
22.9439
0.0000
21.8154
21.2055
19.4853
24.5576
21.9075
20.5618
22.5137
22.5693
22.1351
20.2339
21.9349
24.2230
0.0000
20.3046
21.3089
20.9377
20.8286
23.8682
23.0794
20.6660
21.9998
21.5402
21.5755
22.4798
23.1450
0.0000
21.2136
21.4752
23.8274
21.2723
21.9060
20.0540
20.5788
21.8303
20.7276
21.9021
24.8166
21.7964
0.0000
20.7542
21.5002
21.8125
22.4170
20.9009
21.4961
21.1839
20.2980
21.5599
22.8186
23.2783
22.4444
0.0000
19.5892
20.2075
22.9393
25.8350
22.8405
21.8827
21.2446
21.9284
22.5432
21.6887
20.0894
21.8755
0.0000
21.3286
22.1384
21.1797
22.3635
18.9835
21.1044
23.8576
23.9720
20.8743
21.0917
22.1334
22.3046
0.0000
22.3898
21.2859
23.5265
20.4304
21.9096
24.0565
23.3889
21.2637
20.5707
20.3258
19.9350
20.5485
0.0000
21.1697
21.8613
20.1553
21.2852
19.3465
20.2125
23.9465
22.3542
20.8909
23.2530
20.6182
22.4656
0.0000
19.7479
23.3773
21.4709
22.4541
21.1184
22.4302
20.9527
22.5910
19.7853
21.4337
21.6624
22.4622
0.0000
21.9910
22.2439
22.6238
21.1835
25.3825
24.2997
19.3435
19.6832
19.5654
21.1345
23.0339
20.3143
0.0000
23.4279
21.0642
23.2480
20.8620
22.2627
21.5274
21.1586
20.0646
20.6751
21.2351
21.2360
21.5642
0.0000
23.4260
21.4274
20.4169
21.5320
22.8266
21.7974
20.6723
22.5671
20.7367
20.6777
20.4465
22.2221
0.0000
22.3241
21.3832
21.4841
19.2065
21.2050
21.6050
21.8879
20.5900
22.8527
20.2613
21.8787
22.9614
0.0000
22.3823
21.8653
21.5411
19.8392
19.0664
20.1481
22.5703
20.0216
23.4043
20.0657
24.7659
22.4983
0.0000
20.1360
22.3587
21.3207
20.6231
20.3752
21.6913
21.7718
22.0708
23.3059
21.7014
20.2321
20.8729
0.0000
20.2807
20.1049
22.2254
23.4846
20.1903
22.3519
20.5478
20.6669
19.7351
22.3036
19.4380
21.4805
0.0000
20.2341
19.3130
21.2200
20.0724
21.7722
21.7153
22.2328
19.9163
18.4980
23.2810
23.3140
20.6931
0.0000
24.6774
22.4009
20.4640
19.7183
18.2806
20.5952
23.0320
20.0511
19.4193
20.5351
21.2950
21.9395
0.0000
20.8549
21.1760
21.7920
22.0429
21.3323
21.3291
19.3424
22.2825
22.7316
19.8472
20.6963
21.0561
0.0000
21.6116
20.5064
18.2507
21.9775
17.6532
23.8732
23.6524
22.0867
18.5098
24.1487
20.7924
20.5009
0.0000
18.6447
20.4392
19.6382
23.8671
21.5713
20.4250
20.2264
22.5481
22.7568
22.0557
21.5409
21.0324
0.0000
19.9977
21.5828
20.6200
22.2351
20.0623
21.8726
24.6846
21.0998
19.3208
21.9824
23.4052
17.6699
0.0000
19.4809
21.6741
19.9622
21.8147
20.5144
21.4375
21.1356
20.1719
21.3765
22.3428
22.9301
21.3990
0.0000
20.3104
21.8118
21.5818
21.0460
19.6801
20.7180
22.6099
22.3289
19.0777
22.4241
22.5107
20.5247
0.0000
20.0212
19.3918
24.2762
20.6068
22.6699
22.0649
21.6248
21.9077
22.1406
20.5054
20.5268
20.5247
0.0000
21.4730
20.1339
25.2161
20.2360
20.0545
19.7291
22.4521
21.2952
21.5007
22.0637
19.9265
19.9311
0.0000
21.6375
20.9696
20.1304
18.0123
22.3775
20.9962
22.6577
20.3885
24.6388
23.1757
19.9033
20.9126
0.0000
20.3847
24.4512
21.7981
21.8213
21.9333
21.6418
20.5506
20.3055
18.8071
21.3462
23.6755
19.5118
0.0000
24.2052
21.1341
21.7600
20.9375
20.7834
22.1369
20.2067
19.9153
18.7219
19.7730
24.2203
20.3995
0.0000
21.9172
22.0295
19.6560
22.1905
20.7675
20.1646
21.8821
20.0791
20.0455
20.2244
19.8332
23.7026
0.0000
20.0944
22.6837
19.7139
21.7903
20.5637
20.1446
22.4586
21.7466
23.3536
20.3354
20.9171
19.3632
0.0000
20.8963
19.9247
22.6203
22.3366
20.6465
19.3699
21.8264
20.4138
20.4091
21.6548
21.1913
20.9548
0.0000
20.6262
19.2200
21.5859
18.6828
22.4105
19.8137
20.2148
22.5766
22.2366
21.2248
24.4240
21.0080
0.0000
20.2038
19.9781
25.2453
22.5565
21.6970
18.6650
22.5305
20.2945
19.5303
19.5267
21.9724
21.5759
0.0000
21.2137
19.9053
24.0906
18.1588
20.8185
22.5362
22.1707
22.3078
22.6245
19.3759
21.4536
18.8757
0.0000
22.5159
19.8762
19.7943
23.2369
20.2164
19.3451
20.0933
19.7304
24.5706
21.4803
21.5278
19.2090
0.0000
22.5743
20.6861
19.9664
22.3478
19.5961
22.0072
21.5850
20.2483
18.9158
20.5807
20.6516
21.2159
0.0000
20.6885
22.5223
21.8554
19.6731
20.8474
22.1629
22.2398
19.2516
18.1212
19.4281
21.8624
21.3481
0.0000
21.3489
20.7880
20.0102
20.1527
21.0752
20.8635
20.9875
19.2711
22.0000
19.7498
21.4512
21.8313
0.0000
20.7055
22.1463
20.0526
20.3212
21.3943
21.1260
18.9398
19.7733
20.8659
19.8244
21.5498
21.7429
0.0000
22.3198
20.3828
21.1113
18.6610
20.0874
19.6084
20.5156
20.3106
21.7405
20.9370
21.7021
20.8740
0.0000
19.9193
21.8155
20.3029
20.8315
19.5035
18.4442
19.8699
19.2626
21.9092
23.6496
19.7663
23.3750
0.0000
21.2688
21.4258
20.3305
21.2078
23.2126
21.6870
18.5987
21.3986
22.0796
19.4970
19.6793
17.9085
0.0000
20.6935
18.4505
20.3073
20.5897
19.9257
20.5400
23.3665
20.3733
21.8538
19.5071
22.4039
20.2868
0.0000
19.6196
20.7381
21.9060
22.4267
19.9429
20.8474
23.5215
20.3494
18.7221
20.3963
20.4484
20.9529
0.0000
19.8012
22.3735
18.3537
21.4133
21.7763
20.0050
19.7878
22.1721
20.1357
22.1560
20.2118
19.9562
0.0000
21.1310
19.3981
18.0283
21.5300
19.3270
20.3579
21.7696
21.2302
19.9370
18.9032
20.2341
21.8462
0.0000
21.5807
21.0795
19.5350
19.0733
18.3199
21.8043
20.4543
21.3240
19.8956
19.8295
19.2125
23.9922
0.0000
22.6390
21.2412
20.8481
19.5821
21.3010
21.4253
18.9789
19.9543
19.0296
22.0652
19.7631
19.8923
0.0000
20.6793
18.4513
18.5902
20.6447
22.9703
19.4643
19.7786
20.4534
20.3056
21.9836
21.6003
21.2752
0.0000
20.8609
20.6174
20.2109
20.4233
19.8142
21.0227
21.1736
19.2453
19.7820
19.9910
20.7786
19.9342
0.0000
20.2478
21.0674
20.2087
19.7108
19.8611
20.6166
19.2978
21.2117
20.6187
21.3010
18.0688
23.1432
0.0000
18.9865
20.9524
20.7239
19.4023
21.8340
21.0947
20.5106
21.0879
18.8506
18.8261
21.4719
20.2642
0.0000
19.6599
20.7471
19.1838
19.2257
20.7844
20.0855
19.3224
23.1068
22.3891
20.0481
20.3687
19.9439
0.0000
20.9921
20.4966
17.9065
21.2225
19.3661
19.2598
19.6486
21.2156
20.2812
20.8486
20.3728
20.2892
0.0000
21.0216
23.7063
19.5024
18.6936
18.0405
17.8431
21.5037
21.5501
20.8257
18.7330
19.9953
21.4905
0.0000
20.6404
19.4137
19.4084
20.6389
21.7329
17.7377
19.3412
21.8943
22.3243
18.9212
22.1012
19.9403
0.0000
19.1520
20.4076
17.7185
21.7795
21.9012
19.4380
20.4951
19.8817
18.3141
19.6622
20.3627
20.3594
0.0000
19.0862
19.1917
17.5701
21.7387
21.6062
21.1943
21.5506
20.5541
20.9229
20.2156
18.1467
19.9489
0.0000
18.9807
18.7136
21.3083
18.9335
19.6200
18.7374
23.5607
19.9442
20.2356
18.4835
20.5117
20.3964
0.0000
23.7044
18.3808
20.2373
19.6130
19.5387
20.0964
18.3352
20.0796
19.4505
20.0998
18.6679
19.1404
0.0000
18.9472
17.7996
19.6607
19.6565
20.6172
21.1414
17.6188
20.5623
19.4742
20.0373
21.4477
20.4228
0.0000
19.5694
18.5977
20.3641
19.5154
17.1082
20.9112
19.2848
20.4072
19.8983
21.9196
19.4671
19.0949
0.0000
18.9763
19.6087
18.5417
19.7433
18.5926
20.4355
19.2659
19.7195
20.3833
20.8159
19.0331
20.5718
0.0000
17.6364
17.6740
18.5443
20.0237
19.8351
20.3682
19.1184
21.5474
20.1714
21.7760
19.9224
19.1892
0.0000
17.9030
18.0928
17.7893
18.7012
18.5392
21.2087
20.4602
21.4589
20.0728
21.1230
18.9957
20.6731
0.0000
18.6259
19.5721
20.3687
19.6500
20.5459
21.3192
19.6209
17.0710
17.8947
19.2190
21.7278
19.3906
0.0000
18.7945
19.8171
19.4500
20.4380
18.6497
17.9262
19.0732
19.2450
20.0644
19.0175
19.6401
21.8317
0.0000
19.8358
18.2388
20.4435
18.3862
19.9231
18.7010
18.1476
19.8845
20.1445
19.9142
20.3972
18.8039
0.0000
20.8632
17.8843
20.5203
18.8587
17.5526
20.5248
18.8851
19.0618
18.0014
20.2649
19.1013
19.8906
0.0000
19.7866
19.1262
20.2044
19.9810
19.3012
20.0791
20.8187
17.7557
17.9338
18.2971
19.9957
19.0030
0.0000
20.6137
18.6813
18.7083
18.7907
17.5581
21.8135
17.8185
17.7879
20.1650
20.4780
21.1714
19.0817
0.0000
19.0060
18.0021
20.2679
19.6001
19.2986
20.5211
19.4469
17.8594
19.4149
18.9221
19.3591
19.2822
0.0000
17.6770
19.0724
17.5512
19.8384
18.3808
19.7097
21.3730
19.8828
18.2215
17.9258
20.7753
19.3187
0.0000
19.1536
20.0178
19.8682
19.7661
19.6216
18.3955
18.3864
19.3562
17.6030
18.9392
18.6714
20.1473
0.0000
20.9490
17.3180
18.9031
18.7384
18.5691
20.3561
19.6377
18.3223
20.0420
19.2654
18.0679
18.9846
0.0000
19.1286
20.3457
16.3390
19.0031
19.8113
18.3913
18.6413
19.1954
18.3321
20.0493
19.0836
19.2409
0.0000
19.4768
18.7201
21.0731
19.0505
17.4230
17.7803
18.6103
18.9470
19.5688
21.3760
19.4399
18.9661
0.0000
18.5050
18.9638
18.1428
18.9986
18.4583
19.6370
18.5954
19.7114
17.9109
20.3514
19.8191
19.6950
0.0000
18.9178
18.5812
19.5725
19.5921
18.8977
20.9587
20.6019
18.9155
17.8683
16.3634
19.5832
19.3481
0.0000
17.1259
18.5743
18.6403
18.2457
20.1568
21.0020
19.7622
17.5990
17.8281
19.9785
18.7464
20.8966
0.0000
22.0628
18.3909
18.4664
18.5225
19.0850
19.2312
19.4402
19.2832
19.6682
17.3863
18.9853
19.6524
0.0000
18.5213
19.5222
20.3888
18.2457
18.3587
17.9228
18.5999
21.5364
18.4841
18.2964
18.1786
20.2825
0.0000
18.6856
20.6570
17.3711
19.4746
16.3766
18.9812
21.9578
19.1428
20.9599
17.6110
19.4464
17.7507
0.0000
19.5208
18.1359
18.2853
20.1367
19.8921
19.4217
17.9426
19.5383
20.5362
18.5315
18.6132
17.0532
0.0000
20.2824
18.2327
16.8481
18.9786
17.3424
22.2256
17.8626
17.8433
19.1531
20.0191
19.8013
17.4733
0.0000
17.2061
18.7022
20.3455
17.8239
17.8582
20.2865
19.6343
19.1514
19.0413
19.5374
17.6199
19.4034
0.0000
17.3389
18.7385
18.6822
18.9774
19.3113
18.7791
18.2337
18.8326
19.5486
19.1510
19.3663
19.2483
0.0000
18.1214
19.2822
17.8141
18.0178
18.7850
20.7629
18.6368
18.1336
17.9328
19.6194
20.7592
19.0073
0.0000
17.3562
20.8233
19.2754
19.3721
17.9117
18.0114
20.5136
18.9006
21.3430
17.1957
19.2832
19.2012
0.0000
19.2456
18.6416
22.0561
17.8491
19.7676
18.2614
20.0203
17.4671
18.4602
16.7368
19.4981
19.3346
0.0000
19.1959
18.2666
20.3817
20.6943
19.0017
18.4125
18.3221
18.6056
19.5530
18.7564
17.2009
18.8066
0.0000
16.7946
18.3033
19.9633
19.5491
18.5459
19.0364
17.9883
19.7053
19.8777
17.8038
21.3662
19.1148
0.0000
20.7713
16.9375
20.1482
17.8260
19.9805
19.6360
17.6744
19.5288
17.9489
19.0249
19.5974
19.4318
0.0000
17.3051
18.9243
20.4325
19.0841
18.5076
19.1334
18.2079
18.4176
20.5122
19.9856
17.9503
19.1641
0.0000
18.9464
19.0781
20.7221
16.3109
19.1647
17.4761
19.8132
18.6435
18.8340
18.7971
21.7308
20.2432
0.0000
17.6175
18.7260
20.1262
19.0988
17.1562
18.5627
19.9082
17.5673
21.1519
19.1326
21.1716
19.2560
0.0000
17.5101
20.0270
20.4095
20.2098
20.2617
20.1885
18.1328
16.3254
18.4600
18.2694
17.8482
18.7119
0.0000
19.1902
17.2725
18.9065
18.8276
18.1681
17.3286
18.6970
19.6377
20.8788
19.5200
19.4041
19.5166
0.0000
19.2144
17.2960
18.1070
18.6264
18.1832
18.8168
19.5999
20.4284
18.1018
19.4443
18.2472
19.3327
0.0000
18.3108
18.8550
18.7510
19.2725
20.6222
18.1032
19.1692
19.9214
16.8053
20.5823
17.6002
17.5772
0.0000
18.2206
18.0111
20.1987
18.7395
17.1542
19.4602
17.9823
19.8921
20.3021
20.0108
18.6340
17.4676
0.0000
17.8660
19.7008
19.4143
18.9801
19.2500
17.8428
17.8790
17.3385
20.0466
18.6681
17.4621
19.9206
0.0000
18.3993
17.5763
16.9057
18.7260
18.4877
18.0303
21.7000
17.8634
18.6168
20.1631
17.9042
18.7096
0.0000
17.0255
21.5717
19.0282
18.0849
17.9863
19.4038
18.2201
17.8004
19.8823
19.1706
19.7180
18.9269
0.0000
17.1059
17.5616
18.7738
22.3658
18.8635
18.1004
18.2940
19.0762
19.7295
19.2257
17.7344
18.5557
0.0000
18.7542
18.0575
19.3602
17.1870
19.8911
18.9998
18.4337
20.3671
18.0736
20.1895
18.7830
17.1658
0.0000
18.1858
19.3684
20.7812
18.7411
18.9721
19.8800
19.0168
17.7617
18.6035
19.5559
18.0760
17.2690
0.0000
19.1055
21.1972
18.6592
17.8479
18.3838
20.5814
18.1198
17.0251
17.9622
17.7900
20.5284
19.4257
0.0000
18.4202
19.9812
17.8025
18.8816
19.3732
20.1233
18.4761
19.8527
18.6816
17.7222
18.0291
17.6645
0.0000
20.1195
18.5755
18.4724
19.8659
16.6182
19.8904
20.4070
19.8660
17.4940
18.4865
18.1964
19.4726
0.0000
18.2615
19.3535
18.7723
20.4597
19.9263
18.3004
19.0346
16.8017
18.7010
19.6362
18.2089
17.7217
0.0000
18.7423
20.4839
18.3923
21.1048
17.6285
21.2011
18.2607
17.2111
17.2422
19.1387
16.8512
18.5438
0.0000
18.2043
18.1077
20.9408
19.0474
17.2067
18.2521
18.1880
18.3909
19.0635
18.6193
18.6792
20.6567
0.0000
17.4487
18.4697
19.5841
16.8233
19.1287
21.8750
19.9497
17.3001
17.8370
19.1180
19.7180
17.5811
0.0000
20.6780
18.6519
18.6391
19.2000
18.9697
19.4709
17.7120
18.9608
18.2147
17.3810
17.3724
19.0154
0.0000
19.5392
21.1806
17.6042
18.7712
18.4998
17.6203
18.1679
16.8205
18.6915
18.8339
19.0832
19.0630
0.0000
17.4856
17.2854
18.6038
18.9613
18.9736
20.6416
18.0111
17.7861
18.3234
19.9293
17.4570
19.5737
0.0000
17.1496
16.8070
19.2544
18.8261
19.2690
18.3120
16.7764
16.6769
18.2289
21.0791
19.6531
21.3022
0.0000
19.3704
21.0446
18.7846
18.4328
18.3176
19.9430
17.6677
16.5226
19.6731
18.7330
19.3127
17.6080
0.0000
18.5290
22.7015
18.8065
18.3947
17.8504
18.0909
20.4710
18.5901
16.7303
17.3614
19.2279
17.7467
0.0000
21.2505
19.3442
19.2232
17.1089
17.0751
18.1783
19.8599
19.1385
17.4582
19.6929
19.3654
19.2327
0.0000
20.5433
18.4966
18.5472
18.8118
19.1750
17.6779
17.8645
19.5329
20.1592
17.4086
18.9233
17.6652
0.0000
20.9656
17.2985
18.6726
17.2755
18.1622
19.2422
17.7733
19.4612
18.6245
17.6629
21.9370
19.4255
0.0000
18.5328
19.2615
18.2718
17.8717
18.7000
19.9993
20.6419
17.3272
19.7024
18.1726
17.6057
19.4332
0.0000
18.5080
17.5252
20.4693
19.0800
19.3411
16.7022
17.8862
18.8562
19.3375
20.5052
17.6803
19.7365
0.0000
20.2601
20.3090
20.6134
19.4299
17.6024
18.6430
17.0781
17.3054
20.2569
18.4290
18.4680
17.6781
0.0000
21.2469
16.8334
18.1035
17.6973
19.2021
18.3835
17.3042
18.9404
18.2090
17.4203
20.4897
21.0527
0.0000
19.0583
19.3241
19.2217
18.6534
18.7582
18.6514
17.6115
17.6200
19.1992
15.6882
20.0670
19.9482
0.0000
18.0558
19.2036
17.4244
23.0030
16.2642
19.3218
18.9909
18.1120
17.8183
17.7199
18.1314
19.5728
0.0000
18.8483
17.9792
19.0698
19.1948
17.5478
17.5361
18.3565
18.0618
19.4011
16.7178
20.0233
20.1858
0.0000
17.5466
18.9730
16.9435
17.0329
18.8649
16.4855
20.0384
20.0977
17.0448
20.0879
20.2807
19.6798
0.0000
18.0705
19.1851
22.6051
16.9517
19.1851
18.9870
17.6367
16.6893
19.9864
16.9746
19.6680
18.0264
0.0000
14.9982
17.4550
19.0308
19.3875
19.2869
20.1749
18.5813
18.0346
18.4451
21.0224
17.9879
19.7498
0.0000
17.7277
19.0203
20.2943
20.5023
16.9239
17.1322
18.5680
18.6495
18.6507
19.3055
17.9692
18.0180
0.0000
19.3259
16.2210
17.6483
19.6664
20.7440
17.5942
17.1264
20.1842
16.3075
17.2062
18.8421
18.2360
0.0000
17.6295
17.7557
17.8762
19.4950
17.3328
17.9616
19.5637
18.3368
18.6501
20.4221
17.8151
18.0857
0.0000
19.5880
17.1532
19.3471
18.8804
16.5779
18.4885
19.0056
16.4275
19.9328
18.0884
17.2564
19.5703
0.0000
18.8489
18.2183
16.6351
16.9403
17.6383
19.3425
17.0856
21.0059
20.4367
18.7300
19.1079
17.3378
0.0000
17.8534
16.6562
17.5178
20.3240
19.1450
19.2369
16.8263
19.6746
18.5149
18.0521
17.2888
18.6861
0.0000
19.4818
16.5801
16.8136
17.9508
17.2869
21.0827
19.6669
18.7272
16.9993
19.8738
18.9918
17.9107
0.0000
17.8847
19.1319
18.7954
18.0740
17.9627
19.4990
20.6655
15.7559
16.4164
18.5781
17.2234
18.9781
0.0000
16.8041
19.1806
18.1981
17.8049
19.3430
18.1372
15.5712
18.8831
18.9944
17.7519
19.0841
18.1020
0.0000
17.2120
16.2138
19.9611
16.8300
17.8710
15.9792
20.0045
17.6340
19.2802
17.6766
20.1711
20.1248
0.0000
19.6905
17.0371
18.6072
18.1536
17.5299
17.1514
16.8587
20.0151
18.5981
19.0759
18.0268
17.7614
0.0000
16.6231
19.9653
18.2510
17.8019
19.5527
19.5367
16.8738
17.2027
18.5508
17.6681
16.8393
17.7297
0.0000
16.7847
15.5002
17.6986
18.9318
19.2004
16.2135
18.9336
16.2391
19.4680
19.6984
18.3476
20.0732
0.0000
17.1915
17.0166
19.2966
17.8120
18.9948
16.1279
18.5984
17.1695
17.4593
16.5887
21.3833
18.0376
0.0000
15.5924
19.5043
17.8922
17.4310
17.4935
17.5961
18.3457
18.6458
18.9163
17.4986
15.2154
22.6455
0.0000
16.1369
18.7495
21.6176
18.1185
17.3277
16.9576
17.4688
18.2983
17.5159
18.4702
19.1827
18.4498
0.0000
18.2529
19.3752
18.0837
19.1245
17.3230
18.9329
17.2950
19.2153
18.3853
18.2531
15.6889
18.4737
0.0000
17.7053
17.4041
19.7224
17.2540
17.5386
18.1127
18.9742
17.4972
15.4335
18.2880
20.4204
19.2778
0.0000
17.6130
17.4252
18.6370
18.2459
17.7420
17.7569
17.5457
17.5092
18.6675
19.4585
18.2805
19.2036
0.0000
17.0329
19.7377
18.8267
18.0079
17.6465
15.7181
19.4511
19.3842
18.7544
17.4606
18.3476
17.9195
0.0000
18.3560
18.4282
16.2964
19.4283
19.2795
18.5827
17.8885
15.2434
19.7572
19.2424
17.0542
19.5364
0.0000
16.9200
17.9219
18.2515
18.7678
17.9872
17.7820
18.6329
20.3417
18.5606
18.0554
17.8223
18.4750
0.0000
17.8635
19.8878
17.2160
19.5099
16.8596
16.0992
20.4100
17.6347
18.3697
17.9373
17.4715
18.4214
0.0000
17.3326
19.7283
17.0939
17.3873
19.5210
20.1729
17.8066
18.4587
17.4893
19.1218
18.1366
16.5206
0.0000
17.3946
19.8286
19.2919
16.5163
17.4905
18.2752
19.1704
18.2155
15.8493
16.8355
20.2024
20.4660
0.0000
20.0360
16.2692
17.1912
17.6470
19.2721
18.2915
18.3019
20.3317
16.3349
19.4430
17.3326
18.7300
0.0000
17.5448
19.4159
17.4928
18.2707
18.5082
19.7200
16.8426
17.2778
19.4810
18.4774
19.8909
18.2230
0.0000
17.5248
17.8920
19.5576
17.3995
17.9136
16.9278
15.8214
19.4607
19.7143
21.9086
16.1123
21.3253
0.0000
17.8660
19.4630
17.6128
16.8642
19.5908
19.3347
19.1306
20.2694
18.6973
16.4106
16.6359
18.5132
0.0000
21.5211
16.8687
17.8506
18.6539
17.8494
17.2115
18.8514
18.4377
19.9892
18.4231
16.2531
18.8174
0.0000
19.1270
18.4921
19.8080
16.6630
19.0752
17.1772
19.1279
19.0130
17.6385
20.6169
19.0420
16.8718
0.0000
17.5088
17.8208
21.0119
19.1072
17.8248
17.4300
18.5481
18.1009
19.9531
17.2392
17.0734
19.5276
0.0000
18.6443
18.9661
18.1341
20.9839
17.8217
15.8594
18.2844
15.8859
16.9044
20.9168
19.0579
18.4773
0.0000
17.8764
19.5454
19.6438
17.9978
18.9927
16.9212
16.9416
17.5007
18.6316
17.9022
20.4468
18.1482
0.0000
18.3829
18.3062
20.9437
21.0028
18.5707
16.8934
16.5029
17.1691
20.5576
18.4119
16.5421
18.3130
0.0000
16.7556
16.8896
16.9869
19.7748
17.9060
18.5518
17.2181
20.2805
22.2969
16.0844
20.1091
17.9874
0.0000
17.5080
17.2406
17.5199
19.4807
19.2155
18.0589
19.2148
18.2225
18.0656
18.9582
18.2095
18.3168
0.0000
18.0404
19.6346
18.5642
19.5866
18.6987
18.5421
17.7360
16.8612
19.2549
18.3183
16.3023
18.2102
0.0000
17.0524
18.0637
18.9859
18.2007
17.7204
18.6560
19.4072
17.2603
18.3031
20.2717
16.4914
18.2339
0.0000
17.3904
18.4179
18.4469
17.3479
17.6072
17.6971
22.5013
19.8624
17.3033
19.5972
18.3845
16.6130
0.0000
18.0445
17.7769
14.3928
18.6519
19.5758
20.4607
19.4139
19.7994
18.4043
16.6333
16.6562
18.4606
0.0000
16.8822
16.7232
18.8953
17.5554
16.7119
19.4137
17.7034
18.3173
19.8135
17.6991
18.9617
18.2320
0.0000
19.2262
17.5916
19.8946
16.8524
18.1947
17.6141
16.8792
19.3447
17.3433
17.3659
18.0324
18.4637
0.0000
15.5761
16.6336
18.2468
17.5019
18.3244
17.8978
19.0248
19.4516
18.8635
16.2912
19.9861
16.8871
0.0000
17.5882
18.0111
18.1948
17.9041
16.5805
17.3243
17.4628
18.7080
17.2479
19.3663
17.1719
18.7534
0.0000
20.2005
17.6668
17.3115
17.6531
17.4447
15.1440
18.3862
17.5810
17.5873
19.6749
18.7900
14.1395
0.0000
16.3996
18.4973
15.7406
17.7314
17.4183
17.0334
19.4821
17.0215
17.2010
17.3387
18.5581
17.5189
0.0000
18.0886
17.6981
17.5827
15.5863
17.6575
18.1768
18.1323
16.1259
17.1726
16.6648
18.9174
19.4806
0.0000
17.3071
16.4627
16.1491
18.0422
16.9609
16.7458
19.3420
18.8440
17.0862
16.6136
19.0270
17.9397
0.0000
17.8030
16.5553
15.8734
15.0112
18.2161
17.4784
16.5444
20.3227
17.2966
17.0613
19.2641
20.8794
0.0000
18.2439
19.6554
16.9563
18.1140
16.5861
17.9375
18.2571
16.6723
18.4050
18.5310
16.3056
16.0942
0.0000
17.5627
19.3069
17.4423
17.4952
18.3279
16.0126
17.1203
18.5003
16.3323
17.7107
18.6318
16.8636
0.0000
17.3714
15.7305
16.4485
15.9699
18.2586
16.6315
19.5408
16.5728
20.3023
16.6115
19.0841
17.9695
0.0000
16.9962
17.1868
17.9302
17.8945
15.1954
18.8375
19.2082
18.4377
15.8704
16.5613
17.1671
18.5730
0.0000
18.6595
17.4111
18.2573
17.3835
16.5905
19.2674
14.8480
16.7591
17.8178
18.8579
16.2391
17.3849
0.0000
19.0244
16.8802
16.3272
16.7127
18.8202
18.6660
17.5760
15.9065
17.3372
15.4162
18.8693
16.8507
0.0000
18.4857
16.4382
16.9036
17.0853
17.9822
17.0393
15.8555
18.5637
19.0514
15.4155
16.2691
19.5330
0.0000
17.8049
15.3037
16.2803
18.8125
18.5833
16.3263
16.6297
18.6917
17.9666
17.8633
17.6274
18.0488
0.0000
18.0672
16.5085
16.8111
17.1274
18.0688
18.1580
17.3609
16.5982
15.8614
17.7871
14.9402
19.4637
0.0000
16.6301
17.4382
17.4694
17.3329
16.2031
16.8399
17.5659
16.9924
19.0253
17.8789
16.7197
17.7036
0.0000
17.9109
17.4268
18.4593
16.1852
16.3081
17.4113
17.4798
15.0772
18.3708
17.5389
18.0874
17.2983
0.0000
16.4181
16.4774
16.2013
17.9124
18.3946
16.6823
17.3745
17.3450
16.9659
17.4389
17.0225
18.2225
0.0000
16.5588
16.3871
18.9594
16.3316
17.7598
16.2590
17.3863
18.8552
16.7309
17.7546
17.6072
16.8755
0.0000
16.8482
16.7450
17.6133
18.1514
17.9099
17.8826
17.9822
17.4692
17.6536
15.6490
17.3745
16.8074
0.0000
16.9240
19.4477
16.8784
19.0804
18.9476
17.7700
15.9995
16.1733
17.0225
14.8844
18.4343
15.4065
0.0000
19.4355
17.0026
15.6248
17.0627
16.8331
18.9264
16.2540
14.5636
17.4558
18.1504
17.1496
19.0198
0.0000
16.6579
16.9766
20.2771
16.4207
17.0355
16.7071
17.4282
15.9453
16.5028
16.7064
18.1468
17.4885
0.0000
16.4870
16.8772
17.6353
16.5208
13.2292
19.5046
18.8614
15.7316
19.6954
18.2299
16.8724
17.1508
0.0000
18.4053
16.5606
16.5616
18.4891
16.2346
17.8169
16.3873
17.9834
15.9338
16.6291
19.2281
17.1560
0.0000
17.8848
16.9649
16.8906
16.3661
20.0812
18.4668
17.9478
15.4629
16.4274
16.6134
17.9288
18.6365
0.0000
16.6948
17.7021
19.0993
19.0602
17.8949
15.8405
17.3639
15.2868
17.5149
16.1115
18.4089
16.8396
0.0000
18.1299
16.8187
17.7385
18.0303
17.2349
19.7546
15.7597
15.6997
16.2908
15.8366
18.7579
18.2322
0.0000
17.0428
17.0161
19.0439
15.5005
17.9790
15.8470
16.6562
20.3165
17.2977
15.9226
17.7474
17.1309
0.0000
16.8217
19.0333
15.6999
16.4165
17.9395
16.0616
17.9243
17.9854
17.9092
15.7413
18.5417
16.7085
0.0000
18.1944
17.8547
17.9053
16.2243
18.5625
16.7043
16.4410
19.7154
15.4271
16.3603
17.7077
17.0772
0.0000
17.2668
15.2854
16.2801
18.3931
19.2982
18.9277
16.8089
16.8428
16.0522
15.7346
16.0760
18.8772
0.0000
16.1817
16.4418
19.1479
18.3966
16.2764
16.6526
18.5789
17.0258
17.5651
16.3812
17.6692
17.7175
0.0000
16.5166
18.4288
17.1976
17.6985
18.2458
17.9380
17.4214
18.1287
15.7854
16.1760
17.3534
17.0651
0.0000
18.4866
18.4492
18.4487
16.8847
19.6022
18.9956
16.4468
18.0757
15.4948
16.6758
17.1373
13.8941
0.0000
17.0249
16.8647
16.7718
15.8543
17.7881
19.6043
18.1750
17.3228
17.4719
15.5696
18.9963
17.2910
0.0000
18.1948
17.2675
18.6968
16.8200
18.5771
18.7937
18.4114
15.6457
15.8860
17.4185
16.8309
15.7176
0.0000
17.6114
16.5585
17.8564
18.4973
17.0080
16.1726
19.7182
16.9001
16.6173
17.1279
15.7548
18.3279
0.0000
19.0769
18.6741
17.7507
17.8422
17.3637
17.3337
17.5240
16.5430
17.8804
15.4056
18.4438
14.2188
0.0000
15.6105
19.0188
17.6350
15.8332
17.8970
17.8093
17.8040
17.4692
16.9922
17.5752
18.1550
16.2153
0.0000
16.0401
16.7713
17.3430
19.8906
16.2684
17.8301
18.1536
17.3053
17.4942
17.2411
15.3471
17.1271
0.0000
17.1683
17.5918
17.0606
16.6423
17.3170
16.8111
15.9457
16.1702
19.1197
18.2280
17.4498
16.0425
0.0000
18.2178
16.7346
17.1873
17.2084
17.3000
17.1983
17.8137
17.7056
16.2575
18.1160
17.4865
15.9400
0.0000
17.2779
17.0291
16.4291
17.8406
17.9001
15.3082
19.3304
15.7121
19.3599
15.7548
16.7543
18.2434
0.0000
16.7692
17.5823
19.0236
16.1807
16.8283
16.9484
16.1437
17.5570
15.7146
18.8153
17.2543
17.0765
0.0000
16.6877
16.9735
16.6884
18.6114
18.3807
18.1679
17.8010
17.4810
17.1956
17.4764
16.1427
15.5471
0.0000
18.5872
17.3784
16.9675
18.2681
18.3214
14.5109
15.7726
17.6409
16.0201
16.1943
16.9143
17.3582
0.0000
14.7690
17.3081
18.9703
15.0661
16.6877
18.7162
16.4387
18.3289
16.5043
16.1096
19.0859
16.4771
0.0000
16.2791
17.0421
15.4354
16.8791
18.7669
17.1476
16.9599
16.6892
17.7993
17.7183
18.8710
15.9878
0.0000
16.0732
17.0392
15.8820
15.8477
17.1411
18.5136
16.9901
17.6816
18.4710
16.9001
17.7151
17.5171
0.0000
17.4443
16.2334
13.9978
15.4648
17.7559
18.8236
16.5878
19.0985
16.0907
18.9758
17.3031
17.2060
0.0000
15.8570
18.0546
15.6183
17.7075
13.9976
17.5977
18.2073
19.9221
16.3698
17.7075
17.9313
16.0065
0.0000
16.2462
17.0613
17.4826
19.0491
17.3019
15.8759
16.2766
16.5542
15.6206
17.9306
16.8026
17.4959
0.0000
16.7697
16.7919
17.0805
16.2055
18.6661
17.7068
15.5460
15.2810
17.8281
15.6765
18.6873
16.9409
0.0000
17.0976
17.1139
17.2296
18.0938
15.9708
17.2812
16.2209
16.2635
17.6736
17.1817
17.6843
15.8132
0.0000
17.4224
16.3987
17.9668
15.5009
15.5533
17.1957
18.7883
15.7346
17.7478
17.4084
18.2798
17.4904
0.0000
18.2143
17.9716
16.3236
19.5267
18.5166
16.3062
16.7836
15.6903
16.6946
16.9541
15.6935
17.0758
0.0000
16.9753
15.1327
17.1055
15.4906
17.1762
16.3885
17.2630
16.6328
18.8624
17.7297
18.1528
17.6335
0.0000
16.6436
15.7414
18.0863
18.7543
14.5853
16.8168
16.7652
18.1848
16.9474
18.2722
17.4012
17.3762
0.0000
18.0526
15.9703
16.5658
15.9042
16.7185
16.4886
16.5412
17.8503
18.7076
16.6730
19.7280
17.7925
0.0000
18.1954
15.9401
19.4685
16.2167
16.8066
16.4606
17.2932
18.2529
17.0211
16.2962
17.4188
19.0717
0.0000
16.7270
14.4939
18.2512
18.2243
18.4541
19.9068
15.3888
16.8996
16.5958
19.6724
16.3633
17.1861
0.0000
18.5069
18.4639
16.4125
16.6112
16.0949
17.6916
19.7709
16.5735
16.1918
16.8608
19.4972
15.7242
0.0000
16.5606
16.2656
18.7826
16.3344
16.7242
17.9900
16.5040
18.6186
18.1543
17.3844
18.4399
17.0949
0.0000
16.6203
16.0149
16.5035
18.2542
17.2598
18.5898
17.9355
16.9825
16.7125
15.3487
17.2582
20.3942
0.0000
18.0925
16.4538
17.0378
17.5502
17.3913
16.4991
14.7290
18.6500
17.4091
17.4226
18.3767
19.5446
0.0000
16.1817
18.0784
17.3478
18.3491
16.4925
19.8455
17.0779
18.1277
16.3976
17.0021
16.1507
17.2668
0.0000
18.9852
15.1078
17.6909
18.4000
18.3027
16.2076
17.5738
17.6848
16.5732
15.3095
17.0002
19.1483
0.0000
15.2543
19.1583
17.8495
16.3142
17.8159
17.6654
15.9299
17.8625
15.5238
19.2702
17.1387
18.0045
0.0000
17.6839
17.8342
15.1712
16.2910
18.5840
17.7715
16.9534
17.1137
18.1038
16.8551
17.4695
17.1873
0.0000
16.9995
16.6547
17.7087
20.4161
18.4776
15.0276
18.7292
13.9236
18.7760
17.3731
16.7619
17.6459
0.0000
19.8945
15.7188
15.9469
16.5159
19.1452
19.8321
16.3194
17.4962
18.8078
16.7414
16.8076
15.7428
0.0000
16.8522
17.7080
18.6343
16.1348
16.7654
18.5878
16.9134
16.7156
18.4720
17.0260
16.7500
17.1219
0.0000
18.0253
17.4188
16.3123
16.2705
15.3114
18.7507
19.1977
16.4394
19.8768
18.4126
16.5145
15.4436
0.0000
19.6273
18.3539
15.2933
16.3251
19.7556
17.7578
17.2725
17.2455
16.8137
17.1716
17.2751
15.7527
0.0000
16.8603
19.1079
17.6934
16.8741
17.4084
18.5017
17.7129
16.4708
17.0410
16.6335
16.1806
17.4946
0.0000
19.1099
17.2519
16.5587
18.4809
16.6562
17.1317
18.1853
17.8916
17.5964
16.9685
15.2190
16.8657
0.0000
18.1168
15.8789
17.0920
16.1901
18.7073
16.8480
19.5146
16.0672
17.7717
15.4766
17.2493
17.0396
0.0000
15.9359
17.4864
17.3442
17.4280
17.5522
15.3798
16.3563
17.8381
19.2843
16.8490
16.6481
18.4761
0.0000
15.8650
17.8953
17.3765
17.8857
14.9941
16.3703
16.6591
18.5756
17.3459
17.3659
18.4080
18.4309
0.0000
17.6865
17.7777
17.7932
16.0634
18.2994
13.6387
17.2939
17.9353
17.3306
16.1255
17.6440
19.4509
0.0000
17.2406
16.6178
16.2624
15.9865
21.2172
16.8501
15.8994
17.0445
17.5716
19.8516
17.5668
15.9122
0.0000
17.4253
15.7321
16.9680
17.0644
17.0108
16.5698
17.5476
16.9933
16.2512
16.8497
17.6033
17.0923
0.0000
17.2699
18.1704
16.9514
18.5713
16.9952
17.2568
16.7493
15.7779
14.6536
16.0152
19.2243
16.1875
0.0000
16.3154
17.0416
15.5394
16.2403
17.3469
17.4871
16.3383
18.1252
15.4412
17.4229
17.1582
17.8999
0.0000
19.1357
16.7219
17.4607
15.1443
15.2305
17.8824
17.5266
16.4060
18.2309
15.8542
17.3498
16.1157
0.0000
15.6966
17.4993
16.6865
16.8183
17.4038
17.5017
16.6320
16.0716
16.7924
16.9041
17.3805
17.3603
0.0000
17.4685
17.0645
17.2910
19.2413
16.1257
16.8363
16.9346
15.8829
17.0962
14.1334
18.4492
16.2332
0.0000
15.6832
15.2914
15.7787
16.2887
15.9314
17.2087
18.7623
17.9355
17.9410
18.0072
17.6912
15.4212
0.0000
18.2011
17.4025
16.1641
16.8232
17.0014
16.9363
16.9606
16.1321
18.2101
16.4048
15.9760
15.6500
0.0000
15.3260
15.1140
17.4161
16.5188
15.5492
16.2562
17.1921
19.2738
16.9060
17.0276
15.8909
17.7214
0.0000
17.7337
18.2198
16.1655
17.7741
15.3403
18.2762
15.9587
15.0336
15.2447
16.9325
16.4306
15.9908
0.0000
16.7119
16.2881
17.0054
16.3680
19.4974
14.8346
17.2183
15.7129
18.5459
14.7600
17.9705
14.6007
0.0000
15.8561
15.4130
16.4401
17.2751
17.1863
16.8776
16.3139
16.5120
16.4940
15.3388
16.2902
18.1959
0.0000
17.5093
15.3759
16.7972
14.4058
16.8223
15.9158
16.9923
19.4188
18.5061
15.9366
17.0166
15.6218
0.0000
17.1196
15.2999
15.6248
17.0918
18.0436
18.3405
19.1089
15.1091
16.1503
16.3568
15.3950
15.3265
0.0000
16.2851
15.6969
15.3398
15.8359
15.3982
16.3144
15.6731
17.0767
16.7737
16.1310
17.4729
17.9484
0.0000
15.6167
16.1623
16.4219
16.1447
16.1861
16.3075
17.3338
18.6258
15.6147
16.4175
15.9628
14.5711
0.0000
16.1490
15.5024
15.6295
15.1714
16.7795
15.9870
16.4014
15.4013
18.2979
15.3858
16.2292
18.4246
0.0000
16.0873
14.0828
16.6321
16.6379
17.0434
17.4973
15.9477
15.1926
17.1433
16.4075
17.7103
15.1854
0.0000
17.8185
15.1321
15.0798
16.2079
16.6917
15.0203
18.4611
15.2794
15.9437
15.3692
16.8125
16.5161
0.0000
17.0382
16.0620
16.4998
15.0243
14.0451
15.9981
16.6704
16.0530
16.1709
16.7115
17.5656
16.2304
0.0000
15.8584
17.0455
13.9731
17.1319
17.0109
14.9576
15.8163
15.0863
19.2659
14.2688
16.4043
16.2041
0.0000
15.8409
15.0203
17.4539
16.1123
15.9609
16.6440
15.1609
16.7888
16.9395
15.3391
16.6667
15.5527
0.0000
15.6494
15.0837
16.1782
16.9607
16.2724
16.3428
15.3421
16.3978
15.4788
16.2678
16.9338
16.6236
0.0000
17.1944
15.1977
18.0640
17.5382
14.0523
16.9277
15.1892
17.8026
14.9010
16.4200
14.8614
16.4724
0.0000
20.0040
14.6131
14.6204
15.6177
16.7795
14.5694
17.0977
16.1887
15.4500
15.5420
17.5122
16.5995
0.0000
16.1776
17.5786
16.9717
17.2432
16.3379
13.8372
16.2474
14.9286
14.4515
17.7445
15.6486
16.6067
0.0000
16.4456
18.2334
15.2043
17.5929
14.9573
14.9799
14.9534
14.6834
16.3481
16.4151
18.7989
14.8711
0.0000
14.8855
16.1089
16.0211
16.0243
14.3222
16.8479
16.9824
15.0634
18.6029
17.6074
16.7275
14.8541
0.0000
17.3500
17.2731
16.3019
15.9926
16.0185
16.6719
14.6363
15.1012
14.3601
17.2944
16.6430
16.5625
0.0000
15.1868
16.1331
16.2825
15.3920
15.8142
15.9509
16.6597
17.2495
15.5724
14.4858
16.4180
16.9084
0.0000
15.8611
16.2668
17.9521
16.4928
14.3006
16.1500
17.3552
15.4813
14.5597
17.0122
14.6335
15.6217
0.0000
17.2455
18.4167
16.3626
14.9513
14.9478
15.6167
15.8654
16.4814
15.9455
15.6854
14.5676
16.3656
0.0000
16.4875
16.0002
17.0697
16.0411
14.3481
15.4773
17.2205
17.8508
15.8544
14.6312
15.8935
15.3398
0.0000
15.8875
18.2236
16.9259
15.2718
16.2166
14.8561
17.2848
16.3099
15.4986
14.2674
15.5154
16.3654
0.0000
16.2405
14.4085
17.1198
16.3650
16.9003
14.4249
15.3492
16.1615
17.0238
17.1521
16.3945
14.8130
0.0000
16.5225
14.8393
15.8950
16.1705
18.0189
15.2588
16.6685
15.8220
16.2356
16.3329
16.8740
14.8421
0.0000
16.1048
16.1839
17.1248
17.8351
15.0532
15.7493
14.1938
17.7989
15.2973
16.6248
15.1471
16.6035
0.0000
15.9988
16.0534
14.5110
17.1045
15.4280
15.5716
16.5740
17.4938
15.8691
16.0376
16.4351
15.3957
0.0000
16.3389
17.0432
14.2027
15.4354
15.2211
16.0493
15.1392
16.1324
16.6196
15.9805
16.9841
16.4286
0.0000
16.0510
17.4652
14.3425
14.5429
15.2083
13.7533
18.4967
18.0524
16.5630
13.9920
15.8452
18.1797
0.0000
14.8244
16.1963
15.2174
16.8044
15.4240
15.2322
15.6591
15.9015
17.7475
17.1689
16.1200
15.5464
0.0000
14.5992
15.2327
15.8012
17.2314
16.6558
16.6340
15.5616
16.6379
15.6473
15.2931
15.9292
17.0632
0.0000
16.7455
16.2648
14.1464
14.7493
17.0404
16.0476
15.5585
15.5750
17.0441
15.0371
15.6572
16.6064
0.0000
17.5078
16.2886
15.8700
14.6550
15.1797
17.2692
14.5188
15.9654
17.3093
16.1803
13.5551
16.6877
0.0000
17.4340
15.3305
15.3973
16.4949
17.5895
16.0971
16.2743
16.0498
15.4796
16.1488
14.8270
14.9216
0.0000
15.2899
15.9219
15.6304
16.9390
16.6887
16.8887
14.6232
16.5037
15.6844
14.9474
16.7195
16.1046
0.0000
14.7803
14.5201
14.5446
15.9591
17.0707
14.6138
17.7180
16.1788
16.3106
15.5549
17.3762
16.6643
0.0000
17.7558
14.1693
15.9279
14.2883
16.5259
16.4465
16.2200
16.9147
15.4125
16.3248
16.1863
16.4264
0.0000
16.0952
17.5060
14.9672
13.7833
15.4882
16.5620
15.4948
19.7823
15.1005
14.5292
16.3714
15.2536
0.0000
14.4283
16.4050
14.5306
18.3607
15.8892
15.2879
16.2391
13.7006
15.5339
15.9297
17.2755
16.1529
0.0000
16.0611
15.9433
16.0399
15.1403
17.6429
15.7317
15.9180
16.1885
15.2355
15.8759
15.1950
14.4560
0.0000
14.0165
14.6077
15.9869
15.5526
17.3256
17.6321
15.4529
16.1346
12.9258
17.1079
16.8359
16.6770
0.0000
18.0264
14.9186
15.0897
14.2550
17.1250
15.3520
15.9031
15.2498
15.4815
15.6335
16.6411
17.0454
0.0000
16.2380
16.6154
16.1728
16.0901
17.8991
15.6667
16.2656
16.7056
14.5490
15.0450
16.3966
14.7663
0.0000
14.1615
14.4118
14.0471
16.3857
13.2653
16.9524
15.7332
17.1357
17.8518
17.8135
16.4385
16.7488
0.0000
14.6553
15.6336
16.9058
16.5288
13.7803
16.5557
15.2547
15.5495
17.8263
15.7076
14.2208
18.6593
0.0000
15.7615
14.7921
15.3478
15.9731
15.8668
17.5973
16.5986
15.1948
15.7202
15.7287
14.6562
17.1694
0.0000
17.7450
18.0520
15.1622
17.0037
14.9009
14.2386
15.3161
16.0014
16.1623
15.3540
16.1637
15.2645
0.0000
16.0060
14.1641
17.2855
14.7451
15.3037
16.5034
17.8248
16.6528
15.6143
17.0077
16.3921
15.0696
0.0000
14.5214
16.1887
17.4471
15.2964
17.5517
15.2815
15.4470
14.6121
15.5050
14.4173
16.6550
17.3087
0.0000
16.2720
14.0623
14.3539
15.5974
16.3521
16.9308
16.1613
17.1535
17.4879
13.8304
15.2132
15.8186
0.0000
16.7884
14.9097
18.1068
15.7632
14.7437
14.5352
14.2957
15.8046
15.3381
16.8889
15.6681
16.7214
0.0000
16.2034
16.4075
15.6466
16.2658
14.3631
14.9295
15.6847
16.9711
15.3423
16.9010
15.7145
14.1220
0.0000
15.9524
17.9349
14.5707
16.4812
16.3127
14.2684
16.0387
16.1880
14.9755
15.2229
16.6851
15.0541
0.0000
15.6524
14.7736
15.6002
15.0014
15.1054
16.3088
16.0000
18.2943
14.8391
16.1276
15.9601
15.4458
0.0000
15.4772
17.2081
15.5666
14.6367
15.3857
15.7168
14.8806
14.4993
18.4921
16.2654
15.5502
15.2573
0.0000
17.7843
16.7775
14.9093
16.4482
13.8585
15.7048
15.3310
13.7883
14.7327
16.0276
16.8423
15.1612
0.0000
15.4859
17.0582
14.9960
17.6487
14.5359
15.0890
14.0496
16.9665
14.8703
15.3828
17.7641
13.4915
0.0000
16.0007
16.2566
16.5590
17.3047
15.2249
15.5774
16.2952
14.6238
14.3904
15.9089
14.4942
15.4089
0.0000
15.9175
16.5637
14.7840
16.6434
15.4550
14.6272
14.2548
14.6434
14.2438
16.9184
15.2199
17.3095
0.0000
16.3080
13.5082
15.3498
16.4963
16.3529
17.2429
15.4832
15.4456
14.0551
14.0276
15.2178
15.1558
0.0000
16.4901
14.3493
13.8258
15.7154
17.2097
15.6935
16.6114
16.3452
16.2395
14.1760
15.1996
14.9636
0.0000
13.5675
17.0990
17.6740
15.5815
15.6885
15.5803
14.6068
14.7516
14.7304
15.9924
15.5111
15.8036
0.0000
15.7942
16.6379
15.9280
15.8171
15.4608
14.6404
16.0574
13.6055
15.8856
14.8930
15.8700
15.4091
0.0000
14.6560
15.4241
14.9200
14.5245
15.5337
16.6086
15.8935
15.8264
16.5176
16.0842
14.8976
14.9612
0.0000
16.7140
14.2535
14.2233
16.0505
16.6200
16.6674
16.1616
15.6820
16.2214
13.5009
15.2737
15.3501
0.0000
14.1488
19.0260
16.0573
15.6716
15.7429
13.5007
15.1939
13.5279
16.0894
14.7386
16.0618
15.6620
0.0000
14.8319
16.1208
14.0084
15.8047
16.6840
16.1160
14.9344
16.4546
15.5529
14.6868
15.5372
15.2512
0.0000
15.2341
16.8488
14.3183
15.4296
15.9529
13.8961
15.1802
15.6611
15.9971
14.3932
15.3513
17.2512
0.0000
14.3715
14.1357
16.6092
14.5786
13.8465
14.8468
16.3281
15.8911
15.6839
15.8322
17.1964
17.2096
0.0000
15.8420
16.6484
14.4726
15.1188
16.2091
14.0618
14.8838
14.9084
16.3892
15.7397
16.8648
15.0093
0.0000
15.1172
14.1873
16.4747
15.8599
15.2589
14.0754
16.3625
14.6348
15.7024
17.1647
17.5161
13.1768
0.0000
16.3264
16.8574
14.4466
15.9874
14.6660
15.7180
15.0027
15.9875
15.5248
14.3920
13.9766
15.8230
0.0000
15.9434
13.3721
16.4472
15.9702
17.0437
16.7971
13.8867
14.5469
15.9099
13.7680
13.9936
17.1456
0.0000
15.8960
16.8201
14.5089
14.7240
14.7825
16.3070
16.0303
12.6602
15.8030
16.1890
16.0173
15.4228
0.0000
15.1269
17.0088
14.1532
14.3419
16.0146
14.3808
14.6280
15.6909
15.4288
15.6779
16.9561
15.9457
0.0000
15.2519
15.7764
15.6658
13.2413
14.1882
17.1142
16.0984
14.3456
15.0696
16.6792
15.2410
15.2753
0.0000
15.3649
14.8331
15.1964
15.1271
15.3775
15.7097
14.2771
14.8878
14.9164
15.0469
15.4481
17.2293
0.0000
14.1076
12.5835
16.4499
14.8369
14.9960
15.7051
16.0483
16.8400
16.2734
13.6064
16.3662
17.1517
0.0000
13.7372
14.1999
14.2864
15.2761
14.4803
15.4401
15.3015
14.6425
17.0743
15.8623
18.0268
14.8022
0.0000
13.4013
15.0810
15.8960
12.8510
14.7478
17.4439
16.3172
16.1848
16.0608
14.9595
17.3480
14.3171
0.0000
16.4581
14.8094
16.1880
17.0338
13.0370
16.6237
14.4536
14.9081
15.4113
16.6421
14.3365
14.4207
0.0000
12.7464
15.3589
16.7987
14.5464
16.3512
16.6570
16.0345
14.6040
16.5407
13.8727
13.9145
17.0079
0.0000
14.9884
13.5368
14.6340
17.4611
15.7551
12.9837
14.5217
16.4370
13.8199
18.5070
15.7576
15.6475
0.0000
14.0374
15.3031
14.9311
15.6836
15.0166
14.4585
16.6858
15.9673
15.4418
15.4546
15.4361
14.6940
0.0000
14.2964
15.7661
14.7273
16.9583
14.7230
16.1451
13.3197
16.2795
13.5859
15.1046
16.4549
14.8293
0.0000
15.1796
14.2973
15.1680
17.1173
15.5913
16.4313
15.3433
14.3099
14.1472
14.7308
13.9913
16.0688
0.0000
14.3951
15.3611
15.4246
16.9567
15.0442
16.9675
15.1404
15.0084
14.9967
13.8210
15.6776
12.6012
0.0000
14.9475
15.7240
15.1853
14.3354
16.7276
14.4730
14.8493
14.8120
16.8649
13.9168
13.3401
15.6524
0.0000
16.9068
14.8974
13.6450
12.9144
15.1233
16.1151
13.7603
15.2226
16.8614
13.6034
15.3781
15.4142
0.0000
15.5801
15.6006
14.6456
14.7498
15.4690
16.9168
14.8603
12.6783
14.1077
15.0500
16.4568
15.7195
0.0000
13.6937
17.1317
13.5918
17.2907
16.6845
15.1337
13.3694
13.6150
14.6932
16.2478
14.6951
14.2663
0.0000
15.5388
14.7677
14.9488
14.3198
15.1192
15.0625
15.1421
15.3237
14.3477
13.5623
17.0118
14.0702
0.0000
13.5450
15.3395
18.3562
13.8528
15.2286
12.7228
13.4499
14.5481
15.4282
13.9988
16.3576
17.3407
0.0000
17.0031
14.6611
14.5419
15.2601
15.1087
14.4167
15.3279
13.7397
16.0360
16.7797
13.8918
14.6143
0.0000
14.5417
14.4626
16.1500
15.0437
15.1906
16.9786
14.9512
14.4976
12.8279
16.2656
14.2388
15.4149
0.0000
15.3701
15.0310
15.5773
13.4423
16.2326
16.4085
14.7763
14.1581
16.3750
15.4435
14.2502
13.5326
0.0000
17.3937
14.7907
13.6360
15.3486
14.7019
15.8904
12.9056
16.7918
14.5031
15.6094
14.1880
15.7683
0.0000
15.9786
15.4784
15.1695
15.4167
14.8721
14.1019
14.6970
15.1942
14.3449
14.3142
15.1733
15.0140
0.0000
14.7611
13.7612
14.9377
15.0974
15.8951
15.7956
14.9135
15.1601
14.3321
15.3469
14.2509
14.4787
0.0000
13.7169
15.9616
15.0930
14.1026
15.1296
15.7399
14.8975
17.1801
14.0163
14.8485
15.4534
13.2707
0.0000
16.6389
14.3029
12.9368
14.5400
16.8004
15.0462
14.5528
14.5549
15.0918
14.9676
14.2090
16.2387
0.0000
15.0376
15.5989
16.9277
15.9479
13.2837
13.3087
14.6660
13.6172
16.4969
16.3616
14.3675
14.3174
0.0000
13.9827
13.4251
16.3027
14.9798
14.5990
13.6835
14.3288
17.7953
14.4709
16.0267
14.1891
14.4929
0.0000
14.6531
13.9478
14.0630
13.9293
16.9129
14.9606
14.8831
15.9975
14.4257
16.1513
14.2299
14.1775
0.0000
13.0655
13.7630
16.5968
15.0899
13.2939
17.0530
14.9858
16.2785
15.5538
12.6502
15.9099
15.2928
0.0000
13.5028
13.4315
14.8103
16.0575
14.5443
16.0248
15.4652
14.0205
16.6399
14.3272
16.0151
15.7532
0.0000
13.8438
16.7276
14.8812
14.4808
15.9561
16.1716
14.4962
13.0724
16.3790
14.1121
17.1842
13.8842
0.0000
16.0486
17.4470
15.5764
15.9363
14.6224
13.0770
14.9574
15.7715
15.0260
13.0922
14.5353
14.2780
0.0000
14.2625
15.5046
15.3386
15.3033
13.5519
14.8925
15.6890
16.6270
13.7259
14.1791
15.5444
15.3712
0.0000
14.9274
14.6551
16.6003
14.4141
14.4222
13.7303
17.0761
14.8556
16.6467
14.6593
13.0165
15.4800
0.0000
14.4756
13.7603
14.8690
15.4662
14.5251
14.6993
16.7271
14.4954
14.7339
16.6626
13.9111
15.7012
0.0000
14.3442
12.8741
17.1014
14.3317
15.5825
14.5123
14.9909
14.9829
15.3541
13.3105
17.3559
15.5173
0.0000
16.0109
14.0722
14.4479
15.1637
16.2319
14.5303
15.2389
15.8706
14.7661
14.6379
15.5570
13.7934
0.0000
13.7006
14.8243
13.1090
15.4160
14.3383
14.4292
14.7861
15.0065
15.7527
15.1712
17.1195
15.7170
0.0000
15.4087
17.1491
16.5648
16.3469
13.8104
13.8482
13.4786
14.7192
16.0962
13.4770
14.3106
14.1224
0.0000
13.9867
14.7791
14.6913
13.4097
18.3461
15.2742
14.2443
16.8009
13.1341
13.2058
15.3038
15.6416
0.0000
15.2920
15.6915
14.7250
14.2502
14.8791
13.3455
13.9457
15.3466
14.5857
15.6307
15.8926
14.6501
0.0000
14.2161
14.1634
13.4286
14.9856
14.7700
13.9597
13.6077
15.9370
14.6805
14.3726
14.7569
17.5925
0.0000
14.5207
14.2850
15.1067
15.8222
13.6574
14.2512
12.7745
14.7707
14.6901
15.9965
15.6455
15.8052
0.0000
13.5716
14.4401
16.2228
15.1022
13.8347
14.1410
14.7898
14.4943
14.2708
14.2687
16.7810
14.3011
0.0000
14.6508
13.2684
14.4683
14.1023
14.7344
14.7163
13.6723
17.1097
12.9158
14.6027
15.9663
15.8418
0.0000
14.5423
15.2461
15.4909
12.8132
13.9690
14.0422
16.1522
15.0930
12.9921
13.0485
14.9368
16.1042
0.0000
14.8010
14.1525
15.7879
13.4858
14.1184
14.6873
14.8551
15.3789
13.6219
14.0547
14.2808
16.3828
0.0000
13.9356
13.3674
15.3279
13.5163
13.5054
13.7935
14.3670
14.9721
15.6589
15.2183
14.2659
16.2263
0.0000
16.4141
14.4380
13.3018
13.2001
13.5868
15.1968
13.2971
13.9955
16.3810
14.8957
14.8173
14.6050
0.0000
13.2362
15.1850
13.1427
13.5063
12.5881
14.0904
16.4139
13.1018
15.7421
15.2371
15.5415
16.3536
0.0000
15.4152
13.7857
14.1993
12.4937
13.5798
15.5924
15.0024
12.7430
14.4767
15.4629
16.2823
16.1069
0.0000
14.7639
15.8532
15.7192
14.5147
12.6592
14.4724
14.4673
16.2896
14.5877
13.9566
12.9984
14.4587
0.0000
14.3260
15.6756
15.5633
14.7520
14.7284
14.3523
12.8835
14.6195
13.3568
12.9219
15.1001
13.8284
0.0000
13.5123
15.4281
12.6792
14.3738
14.1330
15.0791
14.3099
15.6214
15.4353
13.0887
14.8108
14.2943
0.0000
14.1224
13.6875
15.1255
13.6066
12.5639
13.2966
13.9666
15.8318
14.9592
12.9083
15.0891
17.4321
0.0000
14.2159
14.3599
15.3318
14.8179
15.4627
12.1986
12.4826
15.6929
15.2542
13.5406
14.4697
14.5151
0.0000
14.2325
13.0563
14.1050
14.0346
13.8634
13.7043
16.5899
15.1071
14.5108
15.5512
13.7854
13.1859
0.0000
15.3491
12.3616
14.3993
14.8887
12.9030
14.8984
14.0252
13.4048
14.6954
16.1860
14.9437
14.3042
0.0000
14.1671
15.1555
14.2385
13.4638
15.6644
13.7729
13.2400
13.0384
14.4219
14.6921
14.5908
13.7388
0.0000
13.6764
14.5405
13.9974
15.5144
12.7834
15.3279
16.4915
12.8024
15.7520
12.8759
12.9347
14.6929
0.0000
15.2505
13.3869
14.7693
13.4396
15.5358
14.1203
14.9497
14.5339
14.2415
14.5885
12.6596
15.1387
0.0000
15.2676
14.5918
14.0156
15.2341
13.2817
13.7318
13.8404
14.8616
13.2171
15.1807
14.5541
14.3501
0.0000
15.3100
13.2218
14.3784
15.1766
15.5474
14.9075
14.9150
12.6132
14.7644
13.8253
13.5033
13.5345
0.0000
17.4995
14.6848
14.1179
13.8246
13.9605
14.4442
14.7886
13.8662
13.6315
12.9255
14.5368
13.0276
0.0000
14.7080
16.0890
13.4688
15.0366
13.6417
13.2348
15.1994
13.5457
14.4918
14.6599
15.5134
12.7244
0.0000
13.3111
12.7403
10.8555
14.7407
15.3735
14.4392
13.9456
16.5356
15.0317
14.4142
15.0518
15.1674
0.0000
13.3659
15.4358
13.8099
14.1842
15.0449
15.6153
13.3714
15.0808
13.9991
16.0584
13.7302
12.6830
0.0000
15.9783
13.6257
14.0213
15.3385
15.2472
13.9441
13.8623
13.7450
13.6126
12.8704
15.7252
12.6825
0.0000
13.5154
13.0033
13.7531
14.2043
15.4285
15.0084
12.8189
14.7158
13.0674
15.4025
12.5978
15.9623
0.0000
15.7026
14.0219
14.5667
15.7766
11.9173
13.5990
13.5365
13.1779
15.4457
13.3707
13.4244
15.0276
0.0000
13.0419
14.4712
14.5605
14.0161
12.5872
14.0493
15.6459
13.5204
15.3574
12.8533
13.8830
14.6048
0.0000
13.3291
14.0309
13.8361
15.7074
12.1436
15.0350
13.9147
13.6170
14.6929
13.7462
12.6733
15.4048
0.0000
14.0824
14.6155
13.6665
14.9613
13.5028
15.0598
15.0925
12.5085
14.0865
13.3402
12.0106
13.7917
0.0000
15.1758
15.1219
14.4560
14.2149
14.6194
12.2117
15.2498
13.0595
13.2848
13.8040
12.7887
14.6611
0.0000
14.4292
13.8036
15.3533
14.3313
11.3779
12.4793
14.6619
13.1670
15.9954
13.5305
15.7906
13.2661
0.0000
14.5491
13.3575
15.8060
14.0176
13.5806
12.6801
14.1875
13.8329
14.0644
14.3447
14.0442
13.1319
0.0000
13.7931
12.7355
13.3262
13.4335
13.1669
14.9111
14.1370
12.8631
14.6902
13.4264
17.2362
14.4274
0.0000
13.2050
13.6494
13.2514
13.2065
13.0476
12.9986
13.3712
15.6714
14.7143
14.9150
14.6826
13.1898
0.0000
14.7217
12.8806
14.1160
13.5728
13.1127
14.5359
11.4749
15.3362
14.5886
14.6123
14.5647
12.0428
0.0000
14.3418
13.0158
14.0970
13.2396
16.0379
13.6394
14.2593
13.5524
11.8911
12.5933
14.5901
13.8139
0.0000
14.5521
14.7426
14.3965
13.7393
15.1409
14.0171
12.5839
13.6328
13.1593
13.4131
11.9754
13.4723
0.0000
14.1450
13.9980
15.9370
13.6418
12.5857
12.9783
14.4949
13.0126
12.4789
13.5734
13.9611
14.6956
0.0000
15.8194
12.7362
14.0357
13.5284
12.8556
15.2283
15.0300
12.3888
13.0231
12.4370
14.2486
14.5100
0.0000
15.8251
12.2210
12.8312
13.4377
15.6729
13.9173
12.9207
13.6478
12.2156
13.6712
16.6194
13.2190
0.0000
12.5774
14.0159
14.7253
12.9550
14.3230
15.1918
13.9514
12.8895
14.5747
13.4276
13.0459
13.4392
0.0000
14.5942
14.4827
12.2582
13.7464
13.8406
13.7592
12.4258
13.8851
13.4242
14.6106
13.3832
13.5322
0.0000
11.4755
12.5082
12.2142
14.3004
15.2578
12.8260
14.4895
15.9293
12.2560
11.8005
14.3711
16.4567
0.0000
12.2146
12.9356
15.3735
13.2404
13.8081
13.6382
13.0236
14.4019
14.9152
14.3046
13.6153
13.1740
0.0000
13.0604
13.8838
12.9015
14.5530
11.9352
13.9166
13.9626
15.6708
12.5048
15.1947
13.9300
13.1411
0.0000
14.5250
12.4236
14.8242
13.9573
13.9062
13.2569
14.6184
12.6544
15.1910
12.2091
13.7118
13.2379
0.0000
13.4358
13.5863
14.2788
13.5651
14.4700
13.7444
13.5087
13.4233
15.0295
14.5420
11.9597
13.0935
0.0000
13.9325
13.1098
14.5721
13.5079
15.0514
13.9209
12.5563
12.4338
14.7269
13.3421
13.1147
13.2758
0.0000
14.2554
13.4418
14.8418
12.6838
15.2019
11.4177
12.7535
14.2125
13.0961
13.6030
15.8724
14.8787
0.0000
14.8735
15.1373
13.8308
12.6679
13.7142
13.9463
14.8599
13.9024
12.4568
14.1562
11.7179
13.9740
0.0000
13.2743
13.9955
14.8269
13.8925
14.6925
13.5957
14.5117
12.3199
11.8277
14.0906
12.6744
13.6375
0.0000
14.3031
14.2379
13.0227
13.3156
14.4871
12.9730
12.9678
12.7253
13.9858
14.9551
13.2215
13.4732
0.0000
13.5075
14.0691
14.0029
13.8510
15.2371
12.5221
13.9808
14.8857
14.1870
13.6941
13.6269
11.7063
0.0000
13.5486
13.0412
15.7449
12.8962
13.0026
13.0371
14.3217
13.8863
14.9801
15.2170
12.8911
13.3193
0.0000
13.7159
13.2448
14.6126
15.1641
14.8385
12.1638
13.8221
14.5271
12.3837
15.2264
12.3531
13.1213
0.0000
14.0276
12.5572
13.5582
13.1560
11.6266
13.7822
13.5616
12.6530
16.6747
13.6752
15.6363
14.2415
0.0000
14.7336
14.4476
13.5404
15.1459
13.4351
13.2945
13.5632
14.6172
13.0569
13.1105
13.1507
13.6939
0.0000
12.8988
12.3629
14.1240
13.5031
14.0608
14.0120
13.4036
14.4467
12.7707
14.9253
13.3381
15.3564
0.0000
13.5731
13.1778
12.7743
14.1587
13.7341
14.9958
14.5076
14.1216
12.4865
12.4437
15.4584
14.0786
0.0000
12.6658
13.2327
15.2252
16.5133
14.2214
11.8922
12.4384
13.3726
15.7384
13.7757
13.4953
13.2407
0.0000
15.8299
16.0177
12.1313
16.3112
12.1903
12.6193
14.9114
13.0121
14.5738
14.2745
14.6291
12.7199
0.0000
12.1847
12.8868
12.5427
15.7104
14.1175
13.8928
14.7791
16.5654
13.4444
14.0447
13.7848
13.4534
0.0000
14.6250
14.2536
15.5295
13.4606
14.6013
15.1577
14.2684
11.6324
13.9195
12.7493
14.4127
13.2731
0.0000
14.3535
13.6868
12.0359
13.1159
13.9978
12.2371
15.6958
13.9986
14.3445
15.5779
13.1448
14.4346
0.0000
14.4657
14.0099
13.7207
15.2530
12.2387
13.4718
13.4347
13.8733
14.1356
14.4120
14.1870
15.6003
0.0000
17.1443
13.0196
14.2461
14.0156
13.4446
15.5791
14.1099
12.6197
12.5664
13.1234
14.4212
13.0784
0.0000
14.3801
15.4311
12.0553
14.3847
13.3329
13.7211
16.2812
12.2880
13.8286
14.3663
14.6672
13.7512
0.0000
13.4624
14.3149
13.4252
13.6411
14.2539
14.5869
12.6427
14.9678
14.4026
14.1854
14.4126
14.7329
0.0000
13.2765
13.7121
16.6341
13.8321
13.4183
13.1544
13.6257
13.9490
14.3518
13.4903
12.7976
16.3973
0.0000
14.4167
14.3894
13.6252
12.4366
15.4738
13.5831
13.6458
13.5083
16.0098
12.8320
13.2927
13.8350
0.0000
13.8098
15.2933
13.9353
14.4316
13.0373
13.9964
14.3541
13.1730
14.1769
13.4916
13.8411
13.5266
0.0000
14.2297
13.7591
12.4550
14.1729
14.0632
13.9267
14.6052
14.0642
14.3291
13.1786
13.3862
14.5368
0.0000
13.7648
13.9841
13.9273
13.0154
15.5872
13.3819
11.6100
13.0159
15.4844
14.8591
14.7952
13.1341
0.0000
13.2105
14.6091
13.3068
13.2533
12.4017
13.8719
14.0713
15.4637
13.9733
13.7579
13.9226
13.5289
0.0000
13.8091
12.6833
12.3281
13.5298
12.4970
15.3952
14.1155
13.8839
15.4388
13.9841
13.9666
13.5850
0.0000
13.9417
12.3654
13.2429
14.6939
11.5904
13.0717
15.4831
14.0135
14.9730
14.7551
13.4787
13.3549
0.0000
12.3750
13.9585
12.4683
14.1756
13.8570
14.2671
14.4639
14.6749
16.0735
11.8345
13.5312
12.2367
0.0000
13.5820
14.1313
13.6880
12.9166
15.0443
12.8610
12.6319
14.3101
13.3807
14.2401
14.2231
13.5962
0.0000
11.6920
14.7785
13.3428
12.1769
14.7910
13.1524
13.8392
13.6257
15.8735
13.7308
12.2514
15.0270
0.0000
13.0192
14.5781
13.1631
13.6430
14.0029
15.3725
12.5929
13.1125
13.4197
14.7882
12.9277
13.4470
0.0000
14.5875
14.3052
13.7084
13.2714
13.0774
12.6952
15.4902
12.3552
15.2296
13.5670
13.0886
13.6054
0.0000
11.6519
14.0337
12.2801
12.8590
13.3171
14.3943
13.8207
13.9591
16.9523
12.5878
14.9291
13.5720
0.0000
12.7609
13.0745
12.5266
13.9578
12.7439
14.1999
14.3237
14.4932
14.4004
13.3028
13.8649
13.3215
0.0000
13.5630
15.3644
15.7939
13.7404
12.5057
13.3153
12.5708
13.3262
12.6122
13.5521
12.3650
15.5681
0.0000
12.8654
12.6469
13.2868
13.7315
15.4599
13.5230
13.3172
14.9259
14.1957
13.6368
13.3513
13.6752
0.0000
14.7582
15.7026
13.6137
14.0749
11.0108
12.8477
14.6384
12.7801
13.3693
13.3501
14.1185
14.6775
0.0000
13.0724
13.0975
15.4816
13.7250
12.7383
13.6216
13.4695
11.9583
15.1579
13.4160
13.4673
15.1143
0.0000
12.4837
14.7746
13.7188
14.2913
13.5772
12.8353
12.3642
14.8475
13.3513
15.4685
12.5710
14.2976
0.0000
13.6736
11.9837
14.4453
14.3274
13.9341
12.8943
14.4546
15.0350
15.2240
13.8567
11.8134
12.9878
0.0000
13.8325
12.6362
13.8523
13.8346
12.5525
13.4777
13.7413
13.6087
15.0069
13.4174
13.1273
16.5243
0.0000
14.3982
16.5039
11.6184
12.4692
14.5883
12.9075
11.9926
13.8185
11.8063
13.8115
14.6375
15.3193
0.0000
12.7311
13.4808
13.9688
14.2256
13.7149
12.5297
12.0292
13.4065
14.4136
15.8039
13.3771
14.9304
0.0000
14.0635
14.0704
14.3823
12.4912
14.0293
14.0974
13.5983
13.6882
13.9414
13.3714
13.1157
13.1842
0.0000
14.0851
13.5201
13.5493
12.0540
12.7407
13.8549
13.8603
13.7543
13.6767
13.7079
14.9338
13.1660
0.0000
13.9607
14.1941
14.0703
13.7875
12.4440
12.2169
14.0755
13.3381
14.5174
14.0656
12.0693
15.2608
0.0000
11.5306
14.0610
13.5625
16.8010
11.7317
15.5388
14.0664
13.5260
13.4896
13.7888
15.3465
11.8564
0.0000
14.5761
12.6555
14.0688
12.4359
12.2897
14.1724
13.5108
14.1359
12.8804
15.0285
13.4548
13.6314
0.0000
13.2731
13.4344
13.8357
14.3066
13.5769
14.6027
12.4320
12.7985
14.8715
12.8109
13.4036
13.4966
0.0000
12.7628
14.5838
13.9478
12.9335
11.6540
14.0308
12.7943
15.1109
15.1386
13.4478
13.6125
11.8284
0.0000
14.8672
12.1933
12.9538
12.3878
13.0844
11.5491
13.8755
15.8125
14.2434
14.4272
13.5901
13.4306
0.0000
13.7915
14.0774
13.7089
13.1288
13.9514
13.7673
14.3197
12.4511
13.8971
12.7915
14.4053
12.7601
0.0000
13.7014
12.8021
14.4675
15.0939
12.3762
11.6556
13.5154
13.1979
13.0566
13.8276
12.5002
14.5513
0.0000
12.6920
13.8323
13.2417
14.7858
13.8074
12.3860
12.2174
14.5766
13.0537
10.9300
14.9883
13.5930
0.0000
11.3739
12.9347
15.5727
12.3399
13.8494
12.9470
14.4301
13.8611
13.6697
14.3191
13.2441
11.7192
0.0000
14.3123
14.1528
14.6183
14.2810
12.9197
13.7921
12.9467
13.1017
12.9858
12.5262
11.9947
12.2222
0.0000
13.2892
14.3682
13.2057
14.3130
12.9882
13.7410
12.8284
12.6966
13.1671
12.6600
13.7005
13.5712
0.0000
12.5720
15.4572
12.9394
14.2495
11.1796
14.5913
11.6409
13.8242
13.8988
14.6190
12.3982
13.2616
0.0000
14.2976
12.6097
14.5558
13.3192
14.5784
13.2190
13.8413
12.5578
12.4970
14.6208
13.2195
11.7597
0.0000
14.1168
12.1719
12.2204
14.8806
12.6024
13.5214
12.2570
14.8212
14.5372
11.1739
15.2528
13.2924
0.0000
10.8741
12.9555
12.8153
13.8113
13.7363
13.7927
12.8067
15.2533
13.0604
14.3059
14.5084
13.4808
0.0000
14.6666
14.7739
11.6746
13.5139
14.9940
11.8123
12.7950
12.2416
12.8762
12.0944
13.8618
13.6841
0.0000
14.7170
13.2287
12.8037
12.1835
12.7704
13.9097
13.7937
12.9827
13.1267
14.0581
13.2902
13.6399
0.0000
12.7738
14.2557
12.7545
12.3608
14.4005
13.4190
12.3127
11.7426
13.9995
13.3978
12.9392
13.6029
0.0000
13.1767
12.9776
11.8867
13.3013
12.3821
12.3911
15.2787
14.0201
14.5379
12.4044
12.8546
12.5497
0.0000
12.5561
14.2857
13.0921
13.0359
13.7319
12.3738
12.6924
13.0554
13.1129
14.8177
13.7070
12.2155
0.0000
11.0279
14.1855
13.6653
14.1525
12.1796
12.8835
12.0964
13.7747
12.9936
14.8138
12.2826
13.6108
0.0000
13.9420
12.7988
13.0603
13.9700
12.6601
12.4649
12.1656
12.4382
13.4591
11.7330
13.5779
15.3463
0.0000
15.6231
12.1101
14.0729
12.0572
11.5062
13.9640
12.6359
12.7791
13.0945
12.0044
13.6002
14.1213
0.0000
12.0079
14.3014
12.8281
13.7111
11.3258
12.4271
14.4917
12.5376
13.4300
14.4477
12.1476
12.2610
0.0000
11.5908
14.0640
13.5557
12.4141
12.8487
12.4058
14.8306
12.8447
12.8627
13.5090
12.6304
12.8733
0.0000
15.0393
12.5464
11.4893
12.8313
12.7292
13.6384
12.9558
12.2178
13.4045
13.0964
11.6820
12.3668
0.0000
11.6255
11.2015
16.1006
14.4236
10.9228
13.1326
13.0498
13.6384
12.9481
12.4115
11.8632
12.1945
0.0000
13.5806
12.0725
13.8313
11.8139
12.1525
12.8476
14.1512
11.8640
13.0642
13.1931
12.5708
12.3968
0.0000
14.3046
12.0099
11.8393
14.3690
12.5430
11.3081
13.5261
12.7154
12.9990
12.4179
12.2502
12.3911
0.0000
12.8676
13.0627
13.7893
11.6416
13.6652
12.7673
13.5662
12.5938
13.0310
12.1852
10.8290
12.5409
0.0000
13.2246
13.2709
13.8814
12.0168
12.2851
12.7180
12.4259
13.9561
14.5685
11.8153
10.8987
13.8677
0.0000
11.5310
13.5816
13.1709
12.8557
11.5527
13.1858
11.8221
12.6582
13.2466
13.4470
13.1370
12.1873
0.0000
12.8984
12.9570
12.5375
11.3446
13.6932
14.1290
11.1404
12.5800
13.3640
13.5613
12.6269
11.0892
0.0000
13.5410
13.3191
11.8929
15.1117
12.0012
11.3817
12.6106
13.1933
12.5694
12.7232
12.9281
12.7438
0.0000
12.2379
13.3868
14.4244
12.6156
12.7038
11.4559
12.6918
13.3046
11.9104
14.0494
12.6589
11.9310
0.0000
11.8741
13.2130
12.5493
12.5957
12.9757
13.0583
11.5639
14.1017
14.4270
15.4946
12.1476
10.6230
0.0000
11.4995
12.7639
13.8208
11.7570
14.0692
12.3897
14.2904
10.9441
12.3736
13.6997
12.2276
14.3668
0.0000
10.6585
12.6875
12.4620
12.3906
12.5036
12.5592
13.0723
12.8010
13.3829
14.4655
14.3596
13.1810
0.0000
14.7298
12.1224
12.6024
14.2231
14.5259
11.0239
13.7583
13.0440
12.2252
14.6500
11.2143
12.2236
0.0000
16.6639
13.4648
12.1689
13.5720
13.0281
13.9231
12.1999
11.9035
12.2698
12.9827
11.9701
11.9733
0.0000
12.4204
13.8646
15.4422
11.6921
12.6933
12.0252
12.6582
13.6709
11.7732
13.3736
12.6906
12.2640
0.0000
13.1409
13.3953
14.2959
12.8435
13.1688
12.3333
12.5211
12.3925
11.6264
11.6581
13.3827
13.7766
0.0000
14.4841
13.5097
12.7935
11.1792
13.1425
12.8798
13.1668
12.2136
13.4211
13.6964
12.6629
12.2136
0.0000
14.2384
12.9334
12.2411
14.4262
13.0471
11.2971
14.0677
13.0702
12.5031
11.9396
12.1133
13.9153
0.0000
12.5424
13.3635
12.0429
15.2798
13.5771
11.5866
13.5432
11.8780
13.3380
14.3849
11.9226
13.8145
0.0000
13.5030
13.1389
12.3447
12.3082
14.0384
14.8569
13.0704
12.9534
11.1911
13.3625
13.3368
11.8904
0.0000
11.9177
13.5120
12.6164
12.7901
12.3265
12.9070
13.3416
13.3457
11.7904
13.3382
13.9856
13.9092
0.0000
14.3549
13.6064
13.2178
14.1515
12.5845
12.4152
12.6125
13.1692
12.9389
13.2252
12.2139
12.0101
0.0000
13.0017
11.8358
11.0334
11.8405
13.2651
14.3790
11.9436
12.3111
13.1094
14.0378
13.3404
13.8425
0.0000
12.2143
12.4219
13.5977
11.6837
12.8841
13.2446
13.4392
13.1190
13.0733
11.5662
13.1966
13.0192
0.0000
13.4465
10.8148
14.4544
11.5042
12.4131
14.3110
13.2954
12.4846
11.7994
12.2863
13.2329
13.9655
0.0000
12.9300
12.2562
13.7944
13.4751
11.4555
13.0047
13.3423
12.3374
13.0260
13.1243
11.1549
13.0591
0.0000
10.2884
13.8559
13.8021
13.1717
13.2407
13.9774
12.3492
11.1981
13.3816
11.5379
13.0070
13.3816
0.0000
13.6057
11.9380
11.2505
14.2039
12.0516
14.3145
12.3151
10.8854
10.6134
13.4484
14.0424
14.2128
0.0000
12.0743
11.9448
12.6252
12.1430
11.7592
12.8379
13.5818
13.1736
13.9291
13.1667
13.9303
10.7842
0.0000
12.0812
13.6642
12.5857
12.6655
12.9893
12.3705
12.9800
12.9180
11.6110
13.2529
13.1738
12.6880
0.0000
11.7990
11.9056
12.8585
12.2611
13.4297
12.5760
11.5264
15.2451
13.0312
12.3804
12.0224
13.6580
0.0000
11.9709
11.7754
11.9142
13.3530
12.5478
11.4970
14.3530
13.0269
13.6472
12.3745
12.1378
14.1421
0.0000
11.6425
12.3570
13.2832
13.8655
11.9792
12.8372
12.5522
13.4487
13.5083
11.9978
11.5643
11.8377
0.0000
13.5993
13.3259
12.2898
14.1547
12.5437
13.1813
13.3760
11.7491
11.2475
11.9160
13.7480
11.2799
0.0000
13.5193
12.2842
11.4207
13.4308
11.9830
11.3724
14.5202
11.8168
11.8200
15.1247
12.4233
10.9271
0.0000
11.4069
11.8137
12.9189
11.3475
12.6476
12.1880
14.1190
13.8341
11.1907
13.1931
13.1855
12.4408
0.0000
10.6470
14.0487
12.8445
12.9238
14.1394
13.4607
12.6613
13.6619
11.6530
11.9109
11.2162
12.4096
0.0000
13.9639
13.3861
12.5091
12.0656
13.1992
12.5613
12.1361
11.1742
11.3649
12.7916
13.3293
12.5355
0.0000
11.9226
12.8813
14.1834
12.3417
11.2073
12.8306
13.3198
11.7285
11.7985
11.9923
12.6651
13.9249
0.0000
13.4430
11.9676
11.7344
12.6798
12.1624
12.7356
12.3224
11.5138
13.7674
12.8868
12.0291
13.7996
0.0000
