14.2138
17.4695
15.6934
15.9136
15.3204
18.0958
15.0420
18.2828
16.8906
17.3494
18.0645
15.8591
0.0000
15.8697
17.3459
18.3165
19.0063
18.0681
15.6198
17.4812
19.0398
17.9798
17.4353
16.9899
15.3165
0.0000
18.1570
18.9080
16.9461
18.6749
19.3981
19.5786
17.2505
16.7989
16.7927
17.3088
20.2359
18.2913
0.0000
20.0126
18.6018
18.6411
18.2344
18.3845
17.3141
16.9441
20.0945
16.7724
20.6101
21.1046
19.9248
0.0000
20.8183
18.4221
19.5323
19.2850
19.9083
19.7127
18.6595
21.0052
20.1219
20.7925
18.0485
18.1526
0.0000
19.5691
17.4274
21.7623
21.8392
18.9720
18.7119
22.9070
20.3591
18.2649
20.6474
19.9228
22.3604
0.0000
18.2612
21.3767
22.3135
22.2679
20.0637
20.8603
20.1439
20.1504
19.5863
18.9248
23.6112
21.2168
0.0000
21.8623
20.2346
20.7248
22.5254
19.1483
21.2038
19.8704
23.7167
20.8729
21.3435
23.2207
21.5942
0.0000
21.4534
23.8095
21.5907
22.4192
20.2318
20.6502
22.5769
20.2521
20.6299
21.5592
22.6678
24.6031
0.0000
24.3156
22.2751
23.3519
21.1016
24.0756
20.3587
24.8599
24.0322
23.1674
20.4256
20.9270
19.6608
0.0000
22.9410
22.6260
20.3955
22.8615
23.2369
20.7647
24.0184
24.1421
21.6399
22.4463
23.5859
23.7705
0.0000
22.4742
22.5372
22.3757
22.9123
23.5225
22.5402
21.4090
24.4464
23.3621
24.2690
22.9141
24.8202
0.0000
23.6631
23.5134
22.5992
22.5916
21.7111
25.1184
22.0147
23.1450
21.8077
23.0184
23.4127
25.5474
0.0000
23.4091
24.9278
22.3594
21.4040
24.2318
23.0381
23.7344
23.3239
27.1740
22.2013
24.7061
24.4233
0.0000
24.1120
24.4783
25.7568
25.1656
23.5057
24.1526
25.9864
21.9153
23.7940
24.8159
21.8551
23.7421
0.0000
21.7636
22.6705
25.1431
22.7923
27.0420
25.3394
25.1975
23.4548
23.5289
26.7400
25.1435
25.1132
0.0000
23.3321
24.1364
28.0312
24.7942
26.5363
24.0888
22.7583
25.9216
23.0062
26.4995
23.2477
23.9909
0.0000
22.6654
23.8639
24.5425
25.4453
24.0303
25.5107
25.5088
24.6420
22.9970
25.4961
25.2841
25.7366
0.0000
22.6110
22.1991
28.2352
21.3250
26.7930
25.9517
21.9617
25.6328
27.0056
25.0728
25.4934
26.9536
0.0000
23.2093
25.7612
25.4045
26.7533
26.8298
25.6812
27.8978
24.9214
23.1778
23.3263
24.3913
23.5646
0.0000
25.3965
25.9960
25.4534
23.8869
24.6039
27.1625
25.1445
23.9417
24.7839
25.3517
23.3834
24.5593
0.0000
25.0647
28.8130
25.1452
25.8067
24.1017
25.9927
25.4272
26.2246
23.2953
24.6025
27.5159
22.1664
0.0000
23.3330
25.6472
23.8356
23.8007
26.2515
27.2656
25.9340
22.6679
26.2429
26.9983
24.9058
26.8829
0.0000
25.2111
22.8284
26.1285
23.6264
25.9691
24.8161
25.6856
24.3902
28.0418
24.3603
25.1423
28.4693
0.0000
26.3755
25.9539
22.9440
24.1740
25.6048
25.4459
24.8636
26.2600
27.5542
24.4177
26.9603
25.0724
0.0000
25.6178
25.5507
23.3317
27.4030
25.6118
25.0760
27.2560
26.5298
25.5561
23.9349
24.9151
25.9118
0.0000
27.3372
25.4927
27.3373
23.4844
22.9124
26.1262
24.3741
26.4241
23.9256
27.2959
26.3828
24.9811
0.0000
25.6399
27.7329
26.3235
25.9425
26.9415
22.9939
25.0002
24.5189
26.0221
24.3580
26.3628
25.8842
0.0000
25.1411
24.0354
27.3802
23.9020
26.5044
26.5681
25.0892
26.6689
26.7236
26.5417
26.3904
25.9183
0.0000
24.7697
24.5265
23.7337
23.8235
25.1291
26.3940
26.3175
24.2829
24.6965
25.9887
27.2676
26.5991
0.0000
26.7612
25.3940
24.8375
25.6474
25.4070
27.4142
24.9829
24.4918
24.0306
26.3782
24.6882
25.1157
0.0000
24.9103
25.1627
25.0987
26.8559
26.4045
26.8184
22.9026
26.0579
27.0003
24.1443
23.9921
27.3682
0.0000
25.5698
24.0299
24.9255
25.5625
24.4358
26.6161
23.1909
27.0099
27.1084
26.7790
25.5584
22.7643
0.0000
22.2958
25.6814
28.9081
25.9929
23.6822
26.2021
25.2795
26.7181
25.8921
23.7702
26.3809
23.4477
0.0000
23.2029
24.9195
25.7856
25.1932
25.9685
27.9582
24.9279
24.8648
25.2685
25.0550
25.7927
26.2118
0.0000
25.9141
23.6349
25.2257
23.7895
26.8301
24.0391
26.0291
25.1267
24.0888
27.5605
24.8054
26.6221
0.0000
23.5834
26.1370
25.5663
25.9258
26.4841
23.4405
24.9924
26.3318
26.2437
23.8955
24.6262
28.1137
0.0000
24.3260
27.0344
26.5370
25.8916
23.5687
23.0883
26.0291
27.2606
22.5295
26.6470
25.6959
24.7390
0.0000
24.4974
24.2376
24.4538
26.5220
23.2763
24.3729
23.7966
26.1602
27.0813
26.5685
26.5568
27.4772
0.0000
23.7176
24.4316
25.1707
25.1171
28.0236
24.6226
24.6877
25.4824
25.4584
24.7576
25.7469
24.1011
0.0000
26.2656
26.2658
24.4039
27.8799
23.2603
24.0049
26.1225
23.3820
25.3512
26.0642
24.7211
24.6031
0.0000
25.8626
24.6570
27.3567
26.6870
23.3362
23.7300
22.6221
25.0386
25.1308
24.8028
24.8819
27.3872
0.0000
24.3750
25.6040
23.2656
26.5734
27.8064
25.2803
25.6606
24.9505
24.7680
25.0128
24.3591
24.3349
0.0000
23.1340
26.4867
29.0862
23.9676
25.1065
26.5687
26.0111
21.8507
25.9392
25.7080
23.4006
24.3447
0.0000
26.5952
24.5651
25.0575
24.5066
25.9158
23.8235
26.2021
24.8097
22.5063
26.2793
26.4171
24.8836
0.0000
25.8304
24.9067
24.2481
22.3800
23.1239
25.6375
25.7290
25.6064
25.4998
25.7974
24.7422
26.3979
0.0000
27.2643
26.3242
24.3074
24.3976
24.4853
24.7425
24.6504
25.0111
25.1894
23.0170
24.4380
24.6432
0.0000
26.0235
24.2074
26.3435
24.5762
23.5660
25.6304
23.6024
25.1536
27.8015
24.6132
22.8440
25.7995
0.0000
26.3232
25.3640
25.3546
25.8931
22.0962
26.6079
23.1041
25.2940
24.7180
24.6823
25.4250
26.8584
0.0000
22.5822
25.5682
24.4171
26.1959
25.4482
25.2329
25.4434
25.5186
23.9729
25.5803
23.0250
25.6976
0.0000
25.1488
24.0202
24.3841
26.3552
24.2519
22.3000
25.1198
25.3906
26.9062
24.8400
26.1502
24.7957
0.0000
24.2446
24.2438
26.4725
25.4429
24.5947
25.5635
25.0409
25.5386
24.6371
24.2570
24.1863
25.6959
0.0000
22.1907
24.7857
26.7374
25.3142
26.1248
26.6868
22.7523
25.1490
25.1875
24.7150
26.3672
26.0368
0.0000
27.7549
23.6213
22.9007
27.2536
22.4891
24.3151
26.6598
25.4171
24.7159
24.1192
24.9159
25.3228
0.0000
24.8954
25.8008
27.8537
26.4504
24.5547
25.8604
25.8321
22.7097
23.0342
24.5215
24.3349
25.9898
0.0000
27.5264
24.7728
23.5660
24.3099
24.4737
26.4021
22.9242
23.6931
24.3274
25.8185
25.1464
26.8197
0.0000
23.2756
23.4076
25.8059
27.8064
25.6038
24.3504
21.9312
23.7578
25.1675
27.7426
24.6702
25.9829
0.0000
25.6116
24.9017
27.0421
26.8952
24.6962
23.5584
22.3107
24.6733
25.3216
23.0296
25.7622
24.2964
0.0000
24.3961
24.4026
26.5822
24.5549
23.9139
25.1913
24.0138
24.8052
27.3390
24.7145
27.7969
23.8458
0.0000
23.5522
25.5850
21.8972
24.5163
23.0117
26.3827
24.3887
25.5869
25.2858
28.7786
25.0541
26.5139
0.0000
26.1243
24.0131
25.0328
25.7119
23.6968
25.3697
25.9604
22.3598
24.3983
26.1328
26.2909
27.2891
0.0000
24.0859
26.0057
24.3241
25.4688
24.6214
23.8116
26.5531
21.6446
25.2019
26.7336
25.0990
24.9142
0.0000
24.2862
25.6262
23.7306
27.7255
24.2298
24.1014
24.8774
26.7891
26.7147
22.6621
24.2344
22.3373
0.0000
24.5330
24.5779
25.4707
25.2810
25.8737
24.9170
26.5412
22.8399
25.8447
25.0322
23.2739
23.0593
0.0000
22.9301
22.8699
25.8752
25.8884
23.0903
22.8816
26.6258
24.6882
23.8942
24.2301
25.8523
26.4623
0.0000
24.6003
26.3921
23.8156
22.8550
23.9183
23.9214
26.1562
26.0360
23.8861
23.7081
25.9549
23.4511
0.0000
25.0885
23.3078
24.1212
24.7654
25.7731
26.0139
24.6579
22.9986
25.4143
26.3690
25.5874
22.3607
0.0000
23.9512
24.8038
24.3719
24.2455
24.8705
26.8077
23.6059
24.3693
26.2421
23.7876
25.7898
23.3486
0.0000
23.7680
23.9768
24.0748
27.5564
23.6581
23.4356
25.4497
23.4820
23.2721
23.9415
26.7775
25.4910
0.0000
24.5284
24.4680
24.1973
26.5495
24.6942
23.7389
26.0213
23.9754
22.4828
28.2544
21.2603
24.2405
0.0000
24.9773
26.2593
26.0518
25.3217
24.8330
23.7898
24.1013
26.0613
23.4123
22.6431
23.8726
23.3697
0.0000
24.2856
23.7019
26.5105
27.1007
22.7528
24.9132
22.9191
26.5305
22.9262
24.0431
26.0032
23.0285
0.0000
23.7708
25.0933
25.8016
24.4516
23.9915
22.8713
23.9635
23.3757
23.5352
26.0149
24.9236
25.5088
0.0000
23.2875
26.3667
23.6016
24.7507
24.9978
25.5694
23.8161
23.3720
24.5573
23.9403
25.4365
23.8554
0.0000
22.7227
26.4446
23.7618
24.0608
24.5087
24.8964
25.4321
25.9263
24.0281
23.9164
24.5038
23.1982
0.0000
23.2927
24.1026
23.9706
26.4816
26.9480
24.1802
24.3371
23.2498
24.7808
25.3965
24.3345
23.4184
0.0000
24.8899
23.2778
23.2502
24.2775
23.8759
27.1270
22.9295
22.1490
24.7623
25.2986
25.8035
25.7961
0.0000
25.0146
25.1334
23.5836
22.7400
24.9102
24.2264
26.3082
22.5963
24.5966
22.3949
23.7225
25.7996
0.0000
24.7671
25.0642
25.2004
23.9627
21.9408
25.7689
25.7542
28.0589
21.9626
22.7684
23.1735
21.5342
0.0000
24.9968
24.2276
25.4775
23.7846
23.8156
22.5310
23.5007
25.6139
22.5245
22.9952
26.6370
25.9050
0.0000
25.6978
22.4823
24.3752
23.2466
23.5080
26.1522
25.1143
24.1954
22.5237
25.0115
23.9503
22.9308
0.0000
24.5173
24.6001
24.0889
25.5768
23.1660
22.6989
24.9375
23.8740
22.1144
24.7570
25.8557
23.5821
0.0000
26.6452
22.7404
27.6643
24.4117
25.4350
23.8935
23.2234
25.3103
23.8542
21.9735
21.9260
23.6122
0.0000
25.3485
24.9988
24.7422
22.8911
21.3045
23.0856
26.2256
22.8458
25.3110
22.6358
24.4749
26.0134
0.0000
24.4810
25.4125
24.9268
22.3063
22.0254
25.3470
24.3065
27.5182
24.8320
23.9716
23.3526
23.4881
0.0000
22.1468
24.6335
22.6870
22.9207
23.8108
22.3922
23.0394
25.2202
24.4010
26.9070
27.0589
25.6709
0.0000
24.9415
23.7909
23.6320
22.6931
23.6205
24.0743
24.9949
22.9296
23.8096
25.8728
23.2780
24.1361
0.0000
22.7775
26.0838
25.2210
26.3413
23.4193
22.7966
22.8295
24.5413
24.6248
23.5708
24.3178
21.9651
0.0000
24.2507
25.2374
21.7077
26.3911
22.8953
24.6609
26.4721
24.5508
22.8244
20.6664
24.9006
23.4998
0.0000
25.7492
25.0170
22.5422
25.2383
23.5705
22.1792
23.2152
24.4790
25.1022
23.1856
23.0842
23.7498
0.0000
23.7512
23.4534
24.4640
23.4983
21.0913
24.7891
24.8240
24.7830
24.3906
26.4277
24.6248
23.0384
0.0000
22.8773
22.7953
25.1585
22.7957
23.6934
23.0357
24.7244
25.5645
23.2600
25.7272
24.4654
24.9892
0.0000
23.9683
23.6555
23.2590
22.6305
23.1059
23.5507
23.6139
25.4423
21.8125
24.1776
26.1431
25.8901
0.0000
23.8695
25.4082
23.4948
23.5881
23.6978
25.5243
23.9841
24.9392
23.0464
23.5022
23.8549
23.6562
0.0000
22.8181
24.6746
23.9438
25.4033
23.1814
22.9370
23.0359
25.1057
27.8974
24.1478
22.1465
23.9545
0.0000
22.3132
26.0696
23.1025
22.1415
24.5042
22.2252
23.0595
25.5109
23.2045
25.8077
24.5273
24.0639
0.0000
24.1890
25.8863
23.1849
23.6589
24.5510
23.9750
24.0587
22.4188
25.1697
22.0763
23.4046
22.8696
0.0000
26.4647
23.9988
23.9603
22.7684
23.5814
20.6295
24.1151
24.0671
26.5691
24.8274
22.8715
24.3738
0.0000
24.0945
21.7327
23.3409
24.2634
22.2246
24.3345
21.3438
23.3149
26.0086
23.6162
25.2138
22.3539
0.0000
23.7368
22.6224
22.5913
24.1695
23.7878
22.7547
23.8490
25.7515
24.6128
22.3619
22.2091
22.8475
0.0000
21.2953
24.3313
23.1647
20.5627
24.3147
21.8198
23.3952
25.8354
26.2713
25.0819
23.2121
22.4329
0.0000
21.5522
22.7757
22.5279
22.8565
23.6526
22.6335
22.9654
23.9885
25.4484
23.9800
25.8296
23.1214
0.0000
24.2170
24.1714
21.5632
22.2390
24.2075
23.0563
24.3542
21.8295
22.9747
23.5960
22.4299
25.2792
0.0000
22.3127
23.2974
21.9728
23.7611
21.0883
21.3827
25.1225
23.6820
24.0010
26.3860
26.0665
24.4226
0.0000
21.9474
24.9405
23.3928
24.1257
21.9359
25.0179
21.5550
25.6855
21.2339
24.9089
24.8269
24.5870
0.0000
21.5827
23.1409
26.3008
23.9993
25.2850
22.2542
26.4424
21.4744
23.2704
24.0204
21.3698
24.0712
0.0000
22.9112
23.7201
22.4655
23.9425
24.3083
22.8400
24.5093
23.4510
25.5444
24.7185
22.0951
24.1212
0.0000
23.6021
22.1679
24.4534
23.9258
21.5412
27.4420
20.9967
23.4044
23.6577
23.4375
24.4988
24.0490
0.0000
24.3140
22.3326
21.6788
23.3722
23.6011
25.8513
27.5781
22.9981
24.6799
24.6233
23.2552
22.9443
0.0000
23.8284
23.1778
23.6444
25.8301
22.1771
23.0571
22.8125
22.7750
23.1472
26.6942
24.3291
24.2428
0.0000
22.3554
25.9689
21.0960
22.4081
24.3364
23.8308
23.9803
23.2441
25.1781
24.5349
22.6658
25.4023
0.0000
23.1274
22.6432
23.2285
19.9366
23.2621
24.3726
24.4452
25.2170
24.5528
23.7413
23.6142
24.3879
0.0000
22.2769
24.2998
25.5218
25.3001
26.1358
22.8549
24.6865
22.2656
24.1257
22.5543
22.9979
22.1429
0.0000
22.5753
23.3815
21.6071
24.4526
23.1693
23.9287
22.5580
23.7332
25.1424
24.8951
24.4966
21.5260
0.0000
22.7517
24.5392
22.2001
22.7238
21.2335
25.2014
23.4671
23.1115
25.0293
24.3835
24.7085
22.7815
0.0000
24.1328
23.0481
24.1062
21.9693
24.2432
23.9541
23.0516
24.4761
22.1427
22.0912
27.1451
22.0770
0.0000
21.5722
23.1001
24.8934
24.8296
22.9510
22.5620
22.8324
21.4407
25.6779
25.0571
21.8957
24.8376
0.0000
26.0179
21.9195
24.2048
23.1365
24.2236
21.8178
21.6744
22.5527
24.8875
22.4438
24.5266
23.9524
0.0000
24.0684
22.3236
22.0222
24.9587
22.8606
22.9498
25.0794
21.6188
20.9774
25.3662
25.7840
20.6165
0.0000
24.1606
20.8644
24.3053
22.7113
20.1467
20.5663
23.9584
24.3589
23.3291
23.2276
25.3028
23.5382
0.0000
22.5545
24.6280
24.2299
23.6461
21.2431
22.4204
21.2132
21.5528
22.8636
23.5283
24.9008
23.1115
0.0000
24.1736
22.1932
21.5690
23.7124
22.5500
23.8698
24.5583
23.4166
22.7897
20.9932
23.6357
22.8106
0.0000
22.8690
22.2682
22.1939
22.7816
24.1478
27.1626
22.0156
22.0476
21.2020
23.3971
22.8946
22.8973
0.0000
24.2132
22.5512
22.6603
22.3589
22.3027
26.0042
24.7785
19.8864
22.4929
23.7690
20.9278
21.5048
0.0000
24.4834
22.4564
23.3164
21.0094
22.3331
23.0036
22.4150
23.3831
23.3112
22.0462
21.0113
24.8829
0.0000
22.4440
20.2505
22.5971
23.8894
25.4539
24.3599
22.1352
22.1259
21.5550
20.7072
23.4546
23.5601
0.0000
22.5231
21.8146
22.9694
23.4940
25.2211
21.2820
20.2745
21.5721
22.0544
24.1992
23.0613
21.5832
0.0000
22.0346
20.2268
23.6419
22.2000
25.0491
20.6241
23.8405
21.4883
23.3844
23.2262
23.0498
23.4629
0.0000
21.5387
21.9749
25.0796
22.7082
22.7317
21.4662
21.6455
23.0231
21.2849
23.2928
24.3775
23.3012
0.0000
22.8483
23.8227
22.7129
22.7966
22.0421
22.2865
22.6344
23.2024
22.1776
23.3542
21.4102
21.0913
0.0000
22.1798
22.2059
22.1352
24.2097
21.7162
21.4184
24.7656
22.5815
21.6138
25.3589
21.6595
21.4002
0.0000
23.3030
25.1764
22.6992
20.9632
23.9559
25.3963
22.2708
20.6868
22.6440
20.8734
21.1799
22.7472
0.0000
21.1586
22.2740
22.5379
21.1733
23.2659
24.2006
20.4453
21.4314
24.0186
23.8056
21.4072
24.0694
0.0000
22.0703
22.1707
20.7031
23.1816
20.7725
24.3640
23.3430
22.2550
23.2173
22.5952
21.8417
21.8713
0.0000
21.5279
22.2772
24.8586
21.0676
25.4479
23.0332
21.6316
20.5375
21.9283
22.6796
21.6145
21.9963
0.0000
22.1810
23.4027
22.5017
19.6038
22.1817
25.3510
21.2092
20.8151
22.3892
22.7841
23.8208
23.1959
0.0000
21.8020
21.2269
22.5101
22.8447
22.7837
24.2944
22.7649
20.6259
22.8025
21.7341
23.6511
21.9356
0.0000
20.8533
22.6435
22.8206
22.6951
24.4337
20.3734
22.3514
23.1221
21.8170
21.3307
21.8224
23.5740
0.0000
22.6353
23.6959
21.5824
20.7163
21.5720
23.7366
20.3624
22.9095
20.5967
20.9449
25.5866
21.9995
0.0000
21.9305
22.7167
22.3611
21.7351
22.7515
19.9341
21.2640
22.6541
22.4329
21.8655
23.6672
23.7075
0.0000
25.3226
20.8162
22.2005
23.7520
21.2656
23.6481
20.4823
22.5649
21.3573
20.0847
21.2871
23.6863
0.0000
25.0372
20.7698
23.9783
19.1833
23.4107
22.8892
20.4584
24.2503
19.5029
22.3149
20.0772
24.2493
0.0000
21.7567
23.9748
22.4502
22.9566
18.9754
21.4086
22.6353
22.0640
20.9571
23.1597
20.2250
22.1728
0.0000
20.9922
21.0670
23.0119
20.9628
21.7752
22.2759
21.1567
23.2279
21.8750
20.4534
22.1632
21.5073
0.0000
24.5586
22.2101
20.5422
21.9906
21.4077
23.0407
22.6147
20.5919
21.6063
22.6506
20.5087
21.9142
0.0000
21.1094
20.8113
22.6074
19.6004
22.9625
19.5727
24.1031
22.7634
21.2812
22.6494
22.1873
22.0341
0.0000
19.9689
21.3502
23.0283
21.3994
21.8216
21.2292
21.0644
22.2708
23.9781
22.3320
22.2281
21.5161
0.0000
18.9757
21.9325
23.6895
23.3024
23.6937
21.0012
21.6039
26.0993
19.0847
22.2961
22.4147
20.6994
0.0000
18.2335
23.3072
22.1588
19.7436
21.8118
21.1622
21.6505
24.0435
19.6490
25.6510
23.5047
20.3807
0.0000
20.9735
21.0388
21.1896
22.4653
22.9045
21.5928
20.9276
22.6179
21.1536
22.1721
22.1502
22.1776
0.0000
21.2808
19.8528
24.2321
21.0322
22.0513
21.4103
22.5935
20.0781
23.3097
20.8885
20.6924
22.1459
0.0000
22.1513
18.8469
18.0733
21.9394
23.2728
23.6046
20.6653
20.8596
23.1453
24.2141
20.5436
23.5744
0.0000
20.9163
21.3023
24.0571
21.4284
19.6066
23.8843
20.1774
22.2783
22.9249
21.1056
20.7927
19.8356
0.0000
21.8872
23.8781
20.6035
20.9287
20.3438
21.7563
19.4690
22.3982
20.7966
22.3054
20.9382
23.3259
0.0000
19.5686
22.2357
22.8328
24.5781
21.6149
22.0517
21.8591
22.2854
19.6117
21.3652
21.0658
21.7382
0.0000
20.4888
22.4705
23.2723
20.4262
23.4506
22.7373
21.4866
21.0324
22.8813
20.3187
20.8734
21.2160
0.0000
21.3170
22.7478
21.5486
21.3240
21.4615
20.4867
20.4629
20.8691
25.7561
20.8890
19.4583
21.6001
0.0000
23.3246
23.5554
22.7996
21.4570
18.6435
21.1143
21.8089
17.9392
19.9247
22.9931
22.8802
22.5671
0.0000
21.5298
22.1372
20.9555
22.6071
20.1614
19.9586
21.2010
21.6707
23.1436
21.5045
22.9650
21.1073
0.0000
17.9184
21.2553
21.8281
21.7238
20.8757
24.1865
20.6723
21.2966
21.8733
21.8974
20.7185
25.1115
0.0000
21.9343
17.3867
20.0063
22.0117
19.7378
21.8818
19.6955
22.5125
23.2699
24.6467
21.2913
22.6846
0.0000
23.2193
20.5945
20.6988
19.8693
21.4808
19.4230
22.7785
22.1057
21.4067
21.4502
20.3719
22.6167
0.0000
19.8657
20.4309
21.7156
18.1067
22.4539
20.6662
19.2420
21.2928
22.6104
26.5562
22.1235
20.5312
0.0000
21.1300
19.6708
20.6243
19.6782
20.9108
22.8108
20.0781
20.8556
22.9191
19.1775
24.1409
23.5063
0.0000
21.4312
19.9643
21.5829
20.0315
23.4639
21.4019
22.6401
21.2783
22.2908
19.0328
19.1227
22.4050
0.0000
22.1982
22.3177
19.9319
22.2770
21.1685
21.9077
18.5946
19.6402
18.6792
21.2048
22.4184
22.5482
0.0000
20.1613
20.2592
18.7579
19.7465
21.6929
22.8093
23.1774
21.6218
22.6032
22.4640
19.9604
19.9937
0.0000
21.5774
20.3033
19.9064
19.8682
20.7055
19.5705
21.8672
22.5208
21.9319
23.2969
23.4017
19.1345
0.0000
20.2462
19.1774
20.5604
22.0005
19.8062
23.6276
19.1319
20.0814
19.1340
23.7974
24.7477
20.8291
0.0000
22.1687
19.6049
20.9608
20.5601
23.1890
19.6643
20.1231
19.7707
23.3999
21.5232
21.1018
21.4916
0.0000
20.1248
20.9805
19.6989
20.1373
22.3065
21.4426
20.5833
22.0322
19.3364
20.4949
22.9367
21.2257
0.0000
21.9303
20.6800
20.4437
20.5317
22.1431
20.4678
20.0259
22.0972
21.2262
19.1746
21.4397
21.0439
0.0000
20.7240
20.1085
19.6672
20.2067
21.4315
19.3911
22.9385
21.8962
19.8486
21.4675
22.1699
21.2024
0.0000
19.7824
22.3202
19.6138
22.5728
19.9962
20.5393
21.0658
19.3732
23.0078
21.2127
20.7886
20.5679
0.0000
22.8465
20.2081
18.9391
23.5382
22.5441
20.5204
21.5532
19.2853
19.3341
21.1941
21.0291
21.1752
0.0000
20.7781
22.4584
23.5698
20.6478
20.2138
20.1837
20.7454
23.5190
19.8677
20.0173
18.6330
19.6436
0.0000
20.9800
20.8713
20.5613
20.3108
19.3249
21.2466
21.9194
17.9333
22.8380
21.5259
19.3116
21.2130
0.0000
20.8936
20.7393
21.8090
19.5611
23.2008
20.6832
20.1723
19.8785
19.6222
21.5032
19.3426
21.1680
0.0000
21.1335
19.5945
20.7462
20.8361
21.8594
20.6964
19.3715
19.9775
19.3667
19.8864
22.7604
21.6255
0.0000
19.3620
21.1602
18.5650
21.1553
20.5742
23.3012
19.4340
21.5476
21.2979
19.8160
20.0282
19.7241
0.0000
21.1645
21.5675
19.3584
22.6825
19.2541
19.2677
21.4680
20.9478
18.0482
19.4860
22.0255
21.5422
0.0000
18.7614
21.2952
19.9257
23.1647
19.7800
19.9827
20.6264
21.2077
19.7757
19.7745
20.8690
18.7388
0.0000
22.6591
22.6426
20.2091
20.9219
21.0637
19.3239
19.1438
20.2019
17.9446
19.8954
19.7174
22.0216
0.0000
18.7393
21.4524
19.3193
18.9137
21.1895
20.4178
20.9163
21.3832
19.3510
20.1887
22.0774
19.6292
0.0000
20.6374
20.1084
18.6622
19.1388
19.0161
20.8076
20.9849
20.6796
20.8543
19.4890
22.5058
20.1238
0.0000
21.7165
18.3842
18.8141
20.6956
18.2587
20.2130
19.2771
19.8759
21.2520
18.8807
21.8978
22.4912
0.0000
20.0970
20.2191
22.9786
17.8268
20.1002
19.6196
20.1709
19.1033
20.9402
19.9081
18.5995
20.7556
0.0000
22.8397
21.0469
19.2624
21.3044
19.3134
19.8435
17.5288
19.5940
19.1558
19.3424
21.5706
20.2937
0.0000
20.3374
17.5316
20.4595
19.9137
18.9721
20.1058
20.0149
19.5601
22.0096
18.8318
21.2837
20.7585
0.0000
19.3460
23.0091
21.7909
18.9391
20.5190
19.4993
19.2029
19.1317
21.6062
19.8750
20.3376
19.2122
0.0000
18.5482
19.4834
20.6710
21.3691
19.8179
19.4334
18.1109
20.6159
21.8402
19.5658
19.5131
18.6545
0.0000
19.0196
20.0032
20.3303
20.8738
17.7563
21.0474
18.9331
21.2205
19.5282
17.4731
20.2031
20.4415
0.0000
19.5622
19.4593
18.2976
19.5273
18.6747
21.4473
19.7978
18.3730
19.7169
18.7154
21.8591
20.8921
0.0000
18.9788
20.6424
18.9541
19.4482
21.4244
19.9888
19.8239
17.3130
19.5175
20.5881
18.4635
19.6138
0.0000
19.5774
18.4780
17.8594
19.7188
22.3047
18.5322
18.4772
19.7325
19.5738
20.0260
19.3631
18.9477
0.0000
21.1202
22.1944
19.1259
20.0617
19.0630
18.2250
18.5919
19.1709
17.0683
19.4969
19.4375
20.3185
0.0000
19.9231
19.5557
19.4675
21.4324
19.3666
18.5541
20.0945
19.3913
17.3143
18.7597
20.2253
18.7495
0.0000
19.6719
20.2021
18.7351
18.2779
15.8165
18.6352
19.5236
19.3877
19.3260
18.9960
21.2077
19.7463
0.0000
19.3127
17.0464
19.6223
21.1815
18.7015
18.6461
20.3125
19.6631
19.9470
18.3842
18.0756
19.2618
0.0000
20.3733
19.5820
19.2034
17.7672
18.0961
18.3267
20.6124
18.8626
20.4873
18.9766
18.7734
19.0466
0.0000
20.3715
21.3229
17.6516
18.9894
18.6683
20.0990
18.9084
18.4777
18.7575
18.3225
17.5092
17.9128
0.0000
20.8788
18.8257
18.8850
17.3892
20.0692
19.1264
18.0518
19.6782
17.9506
18.6795
18.6340
19.2887
0.0000
17.1944
19.9272
20.4199
18.5502
17.5423
18.0904
20.9567
20.0481
16.8667
18.9058
19.4267
18.1541
0.0000
17.9822
17.7775
18.5190
20.1076
17.5783
18.3849
18.8170
19.1567
18.5894
18.8163
19.0800
19.0218
0.0000
18.7820
19.3465
17.0810
18.0256
18.5086
18.3512
19.9546
19.1147
19.5269
18.5014
17.0089
19.4768
0.0000
17.4071
18.1075
19.0466
19.2271
18.3303
18.3471
20.7702
16.3836
19.6022
18.4313
19.0673
19.5798
0.0000
17.3837
20.1191
19.0304
19.2307
17.8026
16.8810
19.4829
19.6960
18.8944
18.5249
18.4093
18.9044
0.0000
18.6353
19.0298
18.6094
18.1181
17.5136
19.7630
19.6524
21.1024
21.2503
16.7002
17.1270
16.9657
0.0000
20.3387
18.7747
17.7057
18.6108
17.6199
18.2498
18.4454
19.0610
18.0674
20.8236
18.4922
18.2206
0.0000
17.5012
17.1882
18.8981
18.6418
19.9623
17.7306
20.0811
18.4974
19.5911
19.4096
20.2717
17.7642
0.0000
17.0885
18.5481
17.2909
18.1462
19.4822
18.2576
19.1804
18.4135
20.1749
20.9778
18.4125
18.7989
0.0000
18.2983
18.5438
18.6584
17.3909
20.1558
18.3103
20.5067
18.1681
20.3058
18.6186
17.7521
19.3788
0.0000
20.3150
18.9243
17.4494
17.2992
20.4624
18.8575
20.3662
18.0549
17.4423
18.3409
20.5955
18.3064
0.0000
18.5776
17.6427
16.5623
18.2389
20.5610
18.1920
19.5334
19.2712
20.1295
18.6134
18.0977
20.1004
0.0000
20.3102
19.7598
18.3324
18.7651
20.1771
17.1606
16.1913
18.3937
17.7535
18.8550
18.5826
20.1409
0.0000
20.4136
14.8089
19.0502
21.0017
19.9142
20.2721
18.7362
19.0213
20.1643
17.5108
18.5687
17.3350
0.0000
17.5452
18.1752
18.9041
19.5443
18.9884
20.6493
18.0834
18.6101
19.8724
19.2541
18.0005
20.2876
0.0000
20.0332
18.3466
19.0132
17.8633
19.6959
20.3197
18.5083
17.9902
19.1327
20.0471
18.7786
17.6926
0.0000
19.4187
18.9668
17.7570
18.9284
18.9176
17.7437
17.9991
19.2798
19.6059
20.0525
19.5308
19.2873
0.0000
19.0998
16.5104
20.9433
18.2746
19.3784
18.7153
17.8594
20.0642
20.5680
19.8896
19.6555
17.3641
0.0000
17.6952
18.5000
20.7377
18.8354
16.8638
16.4571
20.3371
20.1438
17.2278
21.2596
19.0431
21.3808
0.0000
19.2800
17.3195
18.7250
18.1383
19.8408
18.4704
18.7812
19.9490
18.7236
19.3151
18.5196
18.1278
0.0000
19.5293
17.0136
17.5989
19.8934
18.1181
20.7908
18.6572
18.4349
17.3784
18.5433
19.2300
19.7896
0.0000
18.4668
19.4983
18.7870
19.6355
18.2178
20.3901
18.0814
18.0571
19.1163
17.9347
17.7297
17.9902
0.0000
18.0196
17.5325
22.3483
18.0561
17.7645
18.6034
19.9824
16.6046
20.1565
18.5241
17.6562
20.4607
0.0000
16.4941
17.2647
17.5125
18.6440
18.1413
19.1895
18.1075
20.5572
18.7050
20.1798
21.5417
18.5727
0.0000
19.7172
20.5173
20.3566
18.0554
18.7654
18.5478
18.7832
16.3788
17.1006
17.4405
17.9200
19.6614
0.0000
18.8036
18.7818
18.0064
18.5128
18.4380
20.0915
21.5127
20.7218
16.8435
17.3405
17.0109
19.7456
0.0000
17.9179
17.9799
19.4852
17.3342
19.1959
18.4346
18.6469
17.0515
21.4152
18.1532
19.7800
18.0989
0.0000
19.4737
17.8618
18.3899
16.8114
17.9373
18.4260
20.3390
19.5210
18.1882
18.5750
18.1070
17.8570
0.0000
19.4944
19.8194
18.2079
17.2477
18.0844
18.4891
19.9809
18.8668
20.1339
16.8942
19.1570
18.2603
0.0000
18.6498
19.7352
16.3324
18.6276
20.9762
20.2034
18.2749
18.0812
17.1133
18.9748
18.5557
17.9704
0.0000
17.3823
18.9755
19.4041
18.0264
18.1792
18.2185
18.3227
19.0536
19.4033
20.8939
20.2440
16.3971
0.0000
18.7788
18.2853
19.3710
19.2942
18.3137
17.2944
18.3213
21.2777
18.3653
18.3440
19.2224
17.6615
0.0000
17.6735
17.6640
19.1906
18.8466
18.3193
18.3703
20.2612
18.5140
17.4771
20.1887
20.0303
17.4663
0.0000
18.0392
18.9305
19.3994
18.4707
18.0705
18.4358
19.4395
18.7287
19.8398
19.5334
19.7310
17.6268
0.0000
16.7367
19.1755
18.5366
20.3775
18.8250
18.9960
18.9933
17.9750
19.9949
16.9013
19.6245
19.4618
0.0000
20.7221
17.7605
18.3331
19.8189
18.5978
18.2775
20.1481
17.6487
19.6401
18.7266
20.2354
17.5501
0.0000
19.9407
17.2335
18.3350
17.6687
21.3343
18.9661
20.1957
16.5102
19.2676
19.7000
20.2436
17.8222
0.0000
19.3882
17.6317
15.7500
19.4032
21.2508
20.0930
18.5308
16.9212
17.8514
18.9851
20.4337
19.3478
0.0000
20.3848
17.4568
19.3576
20.3763
20.6973
16.5027
17.8438
18.8678
18.1124
18.5933
18.6593
19.6147
0.0000
16.7530
20.3495
18.6334
18.8281
21.4757
18.4725
18.0062
19.0269
20.1555
18.7100
17.8312
17.5685
0.0000
19.1868
17.4137
17.3505
19.3274
18.7812
18.7755
18.3267
18.8519
19.9772
18.2280
18.2280
19.1324
0.0000
17.7099
18.7803
18.4698
18.9727
18.0579
18.1233
17.0825
18.8002
17.8421
18.0005
20.5920
19.8924
0.0000
17.8246
18.2993
19.8103
18.5690
19.1255
17.9137
18.5952
17.7436
18.5945
18.6911
17.8025
19.7529
0.0000
17.9396
19.2434
17.6738
18.8486
18.6024
19.2446
17.6488
18.5615
19.2605
19.1132
17.8433
17.7467
0.0000
18.1986
17.8134
20.6130
17.8512
17.2600
20.1540
19.4316
19.4824
16.9704
17.6684
17.0852
17.9834
0.0000
15.7239
18.7927
19.6719
17.5606
16.8776
19.0957
19.7284
19.0862
18.4248
19.2269
18.3733
17.8057
0.0000
17.0781
19.3065
19.0039
17.0159
17.8040
20.5756
18.6858
18.6180
16.9543
17.2445
18.0059
19.9224
0.0000
18.9571
18.1889
15.7810
19.9430
20.3128
16.5361
17.3227
17.4702
17.1217
18.7529
17.1273
19.9412
0.0000
18.1462
16.9951
18.1477
21.1734
19.2269
17.2316
18.8203
16.5990
19.7882
17.5219
18.4856
16.3682
0.0000
17.7242
16.8183
19.1228
19.0274
20.3235
17.3137
17.0765
18.2952
17.7337
17.3335
20.2122
18.1772
0.0000
17.6420
17.2129
19.2399
17.1761
18.5772
18.4815
18.5642
19.4646
19.9311
16.5859
18.8582
18.1470
0.0000
21.0719
17.1468
18.7842
19.6376
18.3755
17.9799
16.7027
17.5707
18.2270
16.9513
16.9191
21.3550
0.0000
16.0746
17.5947
19.6406
18.5459
18.0750
17.2777
17.0247
20.0781
18.9851
19.3706
18.9721
16.9072
0.0000
18.4773
18.0820
17.7764
18.2581
19.1206
18.8415
15.0935
17.6686
19.2116
18.9244
20.2434
17.3383
0.0000
19.3542
18.7661
15.6062
17.7440
20.0839
17.0191
18.5875
16.9778
18.2415
18.1170
19.1490
19.9607
0.0000
15.7701
19.7337
18.8965
19.5053
15.4349
18.6026
18.1889
17.6450
18.3548
19.4616
18.1167
19.9680
0.0000
20.1492
17.6375
18.6415
18.8164
19.2197
21.7591
17.4417
16.3376
18.0395
17.4108
16.2299
17.9181
0.0000
17.5881
18.9700
18.0702
17.9502
18.3022
17.6634
18.9199
18.5220
18.5534
18.2429
18.3556
17.8962
0.0000
18.5146
20.1416
16.8535
20.0824
17.6777
19.6692
16.8892
17.8426
17.5112
18.6436
16.5233
18.3265
0.0000
17.2288
19.5558
18.2826
16.0987
17.5099
17.9669
17.4728
20.3745
19.2710
19.9298
17.3249
18.5933
0.0000
16.5933
17.9692
17.9605
18.5843
16.6797
19.4905
18.9187
20.3029
19.1802
18.4676
19.6423
17.1528
0.0000
15.0284
17.8617
18.4869
16.9939
18.5195
17.0998
19.3547
18.2678
21.1865
17.5421
18.1785
20.7944
0.0000
20.2256
18.4314
17.3832
14.7967
18.7566
18.6082
22.2603
17.3613
17.3874
18.1231
18.0625
19.1553
0.0000
18.5107
15.4989
18.1435
20.0970
19.2440
18.1398
16.5926
19.3453
17.2351
18.2498
17.7666
18.5078
0.0000
16.4494
17.4032
19.2527
17.3689
21.8173
19.3951
15.8152
17.7512
17.4643
18.6498
17.4165
19.9415
0.0000
16.8381
20.5567
16.7783
19.3237
17.6844
18.1656
20.2261
19.6515
16.7158
16.8093
17.8527
18.2050
0.0000
19.4914
17.3980
16.0016
18.7176
17.5826
18.0851
19.0908
18.2168
18.8291
17.2715
16.3505
20.0052
0.0000
19.6056
17.8361
16.2495
18.1387
17.8700
16.7959
16.9249
17.5163
18.7251
18.7620
17.9150
18.3774
0.0000
16.4461
17.3752
17.7019
19.0246
19.0298
18.5859
18.6201
17.5367
17.3589
16.5319
18.6116
17.1434
0.0000
18.8943
18.3462
17.3693
19.6331
17.8387
18.3264
16.0115
16.9548
16.6025
17.6768
19.4546
18.2841
0.0000
16.7208
16.7477
17.6026
18.3447
17.0677
17.8190
18.1185
18.1517
17.8379
18.5305
17.4799
19.0859
0.0000
18.1531
17.8098
19.3140
16.5653
17.4014
15.3185
19.3949
18.8110
19.0310
16.9641
17.1948
16.9750
0.0000
20.0922
17.7158
18.2373
16.3111
19.2971
17.3623
17.1219
16.2330
15.5412
17.3755
19.1052
17.1590
0.0000
17.5012
17.6608
18.4336
17.5793
16.6628
18.2091
16.4148
16.9083
19.1474
18.8834
18.1137
16.8734
0.0000
16.2537
16.5261
18.4328
18.0484
18.0935
16.3811
15.6988
17.6062
17.5815
18.4204
17.9375
19.7475
0.0000
18.0704
19.1247
16.2337
19.2850
16.6278
16.5198
16.9491
15.7250
17.5192
18.5261
17.1072
18.7676
0.0000
16.8769
17.6156
18.2562
19.0324
17.9749
18.5813
17.5101
15.9586
15.6162
16.7334
17.7141
17.0068
0.0000
17.1764
18.0300
16.3632
18.1460
17.8025
18.1736
17.5562
17.6638
15.2480
18.5376
18.8805
16.8102
0.0000
17.3202
15.7175
17.7935
17.3529
19.6347
17.9280
17.3166
17.3476
16.6560
17.4012
17.3212
16.9282
0.0000
17.0147
18.6421
18.6726
18.8152
17.4171
16.4083
15.2262
17.4704
19.0826
17.2019
18.7231
14.7649
0.0000
17.0341
19.2979
20.0729
16.4757
15.8879
18.4998
18.7679
17.4038
17.7091
16.5400
16.5347
16.0110
0.0000
17.8049
16.6534
16.3284
17.0946
16.6306
17.4303
16.8783
19.2119
19.4910
16.0800
16.7990
19.1109
0.0000
16.4081
16.2561
17.8555
15.2928
19.7754
17.4368
17.5425
17.2041
18.8390
15.1656
18.4312
18.9916
0.0000
15.9053
16.8849
16.8281
19.2717
18.1393
19.5520
17.5811
17.7574
14.8268
16.9279
18.8647
17.0507
0.0000
17.1933
18.1982
16.8539
16.7334
16.0294
16.4433
20.1855
19.1082
16.5828
19.2911
17.4257
16.9664
0.0000
18.7453
18.5570
17.9788
17.3232
16.4436
17.3224
17.4661
17.7594
18.9058
17.2921
17.4638
15.0610
0.0000
18.1357
15.6392
17.7363
18.7922
15.1825
17.3810
16.1766
16.4146
18.7574
17.7964
17.7627
18.9306
0.0000
18.1853
16.9550
18.7393
15.8972
16.2041
19.7474
17.4483
17.7605
17.4891
17.5090
17.2848
17.2225
0.0000
17.7589
18.2705
17.3548
15.8871
17.4142
18.3517
18.3128
17.2656
20.3998
16.9051
15.3165
18.2947
0.0000
17.7805
17.9759
17.5950
17.9277
17.2835
16.0315
17.0310
17.5738
17.7976
17.3639
18.6228
15.5652
0.0000
15.9792
17.9458
17.6566
17.9058
16.6432
16.7257
15.9940
17.7038
17.7683
19.1696
17.1629
19.0551
0.0000
17.1940
16.4235
16.0907
18.5988
18.7845
16.8095
17.2041
19.0930
17.4781
17.6264
16.8934
17.1548
0.0000
19.0339
14.4331
18.0488
17.0367
16.6217
19.7853
17.0866
17.7452
19.2207
18.6711
16.3529
16.8195
0.0000
19.0340
16.9346
17.2310
16.2722
18.7423
16.9735
16.6061
18.1235
17.4055
17.1738
17.3762
17.0900
0.0000
20.0016
15.4975
17.2522
17.5986
18.1900
17.6121
16.9074
18.4238
16.0105
17.5611
16.8767
15.4280
0.0000
16.6144
18.3725
17.8519
17.4119
17.0062
18.3403
17.0111
16.4056
16.4090
14.9770
19.6632
17.6892
0.0000
16.0743
17.5979
16.7134
18.1947
16.2248
15.9256
17.6643
19.1938
16.2922
15.7753
18.8827
18.3542
0.0000
18.1786
17.2234
15.1136
18.2024
16.5940
18.8362
13.6309
16.1283
16.5746
19.6352
17.6755
17.1110
0.0000
17.4504
15.9233
17.7757
17.2435
16.5149
16.4155
15.5847
17.2649
18.4432
16.2577
16.0760
19.6913
0.0000
17.9400
16.2687
16.1514
16.3688
16.7455
16.2917
20.3059
15.6250
16.9695
17.4168
17.4375
17.3755
0.0000
16.6325
16.5793
16.6596
17.9854
18.7273
16.3568
16.6574
16.4813
18.0776
17.7649
15.7881
16.9616
0.0000
17.4312
17.5576
16.3265
16.6070
16.6908
16.0306
19.5615
18.3118
16.8696
17.4697
15.9862
17.1825
0.0000
15.3649
16.6598
16.6825
16.1686
17.7473
17.6445
17.4573
18.9287
16.2410
15.9109
16.0604
17.2072
0.0000
17.4214
16.2417
15.8974
19.5220
17.1007
16.6418
15.2613
17.5076
16.4813
16.3220
18.0474
15.7334
0.0000
17.5079
16.6510
16.1449
16.9072
16.6832
15.5809
16.4242
15.1960
18.5661
17.5129
17.2406
16.9205
0.0000
18.3341
17.0577
18.0813
16.4022
17.9447
16.4273
17.0303
17.6143
14.2474
17.6467
17.3714
15.8683
0.0000
15.7763
16.4445
17.0005
17.0067
16.1894
16.4354
18.2029
17.8289
17.0591
18.3118
15.9940
17.3255
0.0000
18.4769
15.9228
18.0201
18.7752
16.6278
17.2599
15.1178
16.7751
18.3281
18.6314
15.6972
15.8804
0.0000
19.0183
18.4819
16.6510
17.0911
16.1143
16.7299
16.6139
15.5073
18.2247
17.2445
15.3424
17.5817
0.0000
16.1617
17.2320
15.1751
17.4536
20.4028
17.2721
17.2142
15.1395
17.0364
16.2108
15.6576
18.1696
0.0000
16.0425
16.9046
18.7046
16.6610
17.7269
17.5835
17.2585
17.7339
17.6528
17.7441
14.2107
17.1035
0.0000
17.2128
17.0077
18.6197
16.2211
16.0454
15.1144
16.5009
18.5880
17.8013
17.9683
15.8516
17.5498
0.0000
19.1504
16.9033
14.7045
18.2483
17.5378
17.2123
16.9115
15.4072
16.3485
17.4700
19.1928
15.6091
0.0000
15.2808
18.8150
16.4014
17.2620
16.4776
17.4990
18.6607
18.3428
16.5052
15.9074
14.9868
18.9404
0.0000
17.4747
17.8715
16.5166
14.5853
15.8825
18.9690
18.0977
17.5610
15.9604
16.2565
17.8110
16.9344
0.0000
15.9510
16.5615
17.2043
18.9335
18.1887
16.0058
16.0889
17.7180
18.1685
15.7999
17.8914
17.7087
0.0000
18.6651
16.1120
16.3856
16.4174
16.7988
17.4883
17.2988
15.6953
16.1378
16.8684
17.5668
19.4577
0.0000
19.2856
17.4561
14.9666
15.7262
15.2443
17.2454
18.1002
17.7781
16.7393
17.4808
17.6060
19.0062
0.0000
16.9812
16.2950
16.7869
18.2145
17.9928
16.8243
16.5931
17.8013
15.7194
15.6546
18.2427
17.5659
0.0000
18.5178
18.7122
15.3075
15.3343
16.7769
17.1146
18.2917
16.0478
17.1476
16.3724
15.8352
17.5913
0.0000
20.1357
17.0733
15.1850
16.3613
17.3194
16.3355
16.3369
18.0104
16.8319
17.3846
15.8500
17.4413
0.0000
17.5620
16.8976
18.9546
17.1870
15.2475
14.9611
16.1737
18.2614
18.2639
16.9733
17.7870
15.6861
0.0000
18.2702
16.6011
15.5928
16.1335
17.0276
13.8917
16.1510
18.6326
18.2870
18.6343
17.2671
15.9384
0.0000
18.1353
17.0547
19.0453
15.6273
15.8195
15.9541
18.4481
14.7695
16.5244
15.8678
18.0997
16.0690
0.0000
15.1544
18.3783
18.1986
16.1939
17.2517
16.3248
17.5732
16.6418
17.1582
19.1598
14.6826
15.8012
0.0000
16.9308
16.4066
18.0992
18.2601
14.4254
16.1168
14.4435
18.4886
16.4008
17.7078
17.8232
17.7664
0.0000
16.8825
17.3793
14.8827
17.8943
14.4763
16.2625
16.2450
18.0186
17.7036
16.7034
17.6567
17.1087
0.0000
17.3468
15.7313
18.1716
15.7162
18.7200
16.2682
14.8796
17.8909
16.6314
18.6076
15.0788
15.6445
0.0000
16.4002
15.5642
15.4771
16.6257
16.5147
18.4655
16.8435
16.7717
16.4266
16.9889
18.4604
15.1669
0.0000
16.4942
15.7936
17.3713
16.6342
15.2121
17.2113
16.2488
16.8106
16.3224
15.8862
17.7410
18.0570
0.0000
17.4497
15.6418
15.0102
16.6990
17.9926
16.5550
16.6445
15.8179
17.3787
15.8314
16.8303
17.0053
0.0000
15.3920
17.8502
16.7629
17.5570
16.4269
16.4000
17.4414
16.2464
17.0715
15.7094
15.7526
16.1413
0.0000
16.2021
15.8733
16.3526
16.3428
16.5142
15.8793
14.9984
17.1079
16.9580
16.4147
15.8874
18.1784
0.0000
17.4707
16.7845
14.3104
16.7400
18.1734
16.9615
17.4490
16.2794
13.9930
18.3289
16.1868
16.3440
0.0000
15.8348
15.9782
17.5317
17.0471
16.6665
16.6070
14.1016
17.2485
15.6007
15.5756
18.1252
16.3468
0.0000
17.3430
15.7107
17.0107
15.8705
17.6758
14.3465
16.8250
16.4998
17.5089
16.2495
16.3556
16.4212
0.0000
18.9768
17.6714
15.5630
15.1758
15.3470
15.7893
15.4981
17.0637
16.0031
16.5618
16.1764
16.6065
0.0000
16.0353
15.4068
16.1353
15.0448
16.3868
16.5163
18.3742
15.2854
15.9361
17.7507
16.7663
16.4409
0.0000
17.3846
14.8059
17.2723
16.7620
14.2649
15.3293
17.1604
16.0871
14.6005
18.2618
18.2402
16.1811
0.0000
13.8107
15.1133
17.4340
17.5198
16.9331
17.5811
14.8902
17.1575
16.4937
17.5982
15.5334
16.8195
0.0000
15.5732
16.0049
16.8762
16.1116
16.7748
16.5590
13.7435
16.9380
16.2003
17.0092
17.7275
14.6760
0.0000
16.7449
15.8957
15.5135
14.3999
15.4538
16.7903
15.7024
17.2642
16.7517
17.0774
15.7267
18.7262
0.0000
15.4177
15.4463
14.1716
17.4653
14.8440
15.9202
17.8901
17.3921
16.4171
15.4142
17.1477
17.2331
0.0000
17.3604
14.4801
15.7408
15.1978
17.4591
16.2346
16.8328
15.2775
18.8499
15.6586
17.3948
14.5942
0.0000
16.8765
14.9951
17.3229
16.7458
17.0803
15.0240
16.6204
15.8752
15.3528
20.2381
13.4674
16.1468
0.0000
14.7442
16.6277
17.5226
14.5744
16.6262
17.3653
15.2104
16.8044
16.5387
16.1461
16.1122
15.5969
0.0000
15.3759
15.3426
16.5317
15.7495
17.7066
14.7569
17.0607
15.3055
17.3140
15.2372
16.3849
16.5183
0.0000
16.7956
16.0690
14.5949
16.2683
15.5183
16.0466
15.6799
15.6290
15.5895
16.6308
17.0320
16.3736
0.0000
12.9991
15.8290
15.7767
15.5914
16.2644
15.0878
17.3506
15.5772
18.4439
16.1615
16.6672
16.4303
0.0000
15.6379
13.0900
17.3619
16.9692
17.0982
14.3449
16.1416
17.1736
15.7088
16.6038
15.1350
16.3538
0.0000
16.9033
17.8619
14.3938
17.7596
15.2670
15.5679
15.0921
15.5582
16.1334
13.1446
17.3041
17.2669
0.0000
17.3833
14.8250
15.2126
16.5898
14.0455
16.5488
16.1856
17.4154
16.7581
14.9662
15.1241
16.7361
0.0000
15.9466
14.3202
15.7183
16.4014
17.2260
15.6143
18.0559
14.5211
15.2684
16.1401
15.0172
16.9060
0.0000
15.9675
15.3153
14.7908
16.5258
15.2623
17.7286
16.4924
15.4337
15.4242
16.7000
14.7516
16.6428
0.0000
14.9153
17.0699
18.8687
15.0763
16.2442
15.8879
15.8108
15.8209
15.1472
15.1287
17.2567
14.8084
0.0000
14.6276
16.2844
17.1747
14.5823
17.8392
15.3411
14.6062
14.5046
15.7603
17.0100
17.0025
16.6450
0.0000
15.6392
17.1561
15.5279
17.4536
14.7241
15.7423
15.2377
15.5511
14.9951
16.4640
14.1535
16.7610
0.0000
16.1912
14.7092
15.6506
15.7293
14.4900
17.6515
14.7694
16.0732
16.4903
16.3212
16.0671
14.9725
0.0000
15.1697
15.8000
17.4700
15.9074
13.6884
14.7136
19.1618
14.1703
15.4413
15.4761
15.0068
17.0933
0.0000
15.9158
13.9809
14.5978
15.4349
14.7772
15.6315
15.5000
16.1236
16.4462
16.7502
16.9368
15.4235
0.0000
14.9024
16.6062
14.1308
14.0234
14.0581
17.1840
14.2013
17.9598
15.4650
16.1442
17.5930
16.0505
0.0000
18.5034
14.6971
16.5304
14.1287
14.9789
15.4454
15.4356
15.3806
15.7659
13.2364
17.6860
14.9734
0.0000
16.4784
16.1989
14.8930
16.1016
12.4758
13.8918
16.3889
15.6770
14.4890
17.3198
16.8254
14.8937
0.0000
14.6274
15.2687
14.5732
15.3844
16.6887
14.2104
15.8914
14.4592
14.4956
16.3342
17.3377
15.6925
0.0000
15.3281
15.6375
14.1013
15.3132
15.4197
15.9707
13.8222
15.8257
15.9675
15.8450
15.0848
14.5856
0.0000
14.6790
15.1245
14.7969
16.6235
14.8561
16.3873
15.3988
14.5361
15.0708
15.6832
14.2554
16.2170
0.0000
17.7203
15.8802
13.5255
14.0187
16.1835
14.7280
15.3457
13.9324
14.8089
16.6214
15.3338
13.9300
0.0000
15.0793
15.4099
15.4548
15.9009
15.2916
14.3692
15.6755
14.3610
14.5753
17.0859
13.6834
15.4877
0.0000
15.5212
15.9475
15.9968
15.2414
15.5570
16.7641
15.4123
14.7111
15.0904
14.5599
14.4507
13.9901
0.0000
14.6797
13.4396
16.0751
17.8523
13.7500
16.2465
14.0940
15.4895
14.2409
15.1307
15.7231
14.0147
0.0000
14.4543
15.4475
15.5688
15.8607
15.1767
14.5698
15.2127
14.8982
14.6255
16.0836
13.9352
14.4460
0.0000
15.4744
14.3381
15.8651
14.5833
14.4952
16.4431
14.7138
14.3899
14.4560
13.3840
14.5573
15.4712
0.0000
14.7200
15.7557
17.0374
14.8173
14.6589
13.0498
14.3845
16.0226
14.1714
14.7036
14.4435
13.8734
0.0000
14.5591
15.0488
13.1976
15.2123
15.4443
15.9251
13.3023
16.0699
15.1423
16.2274
14.3594
15.3315
0.0000
16.5068
16.1968
15.0443
14.5260
14.9050
14.2976
12.9241
15.1719
16.0608
14.4207
13.2077
15.0913
0.0000
14.9543
16.3690
14.3054
14.7981
14.1173
14.4742
14.1546
16.1550
16.2403
14.0986
15.6611
13.8902
0.0000
14.5068
14.7570
16.4027
14.6678
14.6034
14.6035
15.8225
14.3582
15.5000
14.8608
13.3231
14.2854
0.0000
15.3398
14.8538
17.2833
13.8328
13.6043
14.7894
14.9873
14.5457
15.1442
14.8059
14.0998
14.9370
0.0000
15.4016
15.4238
17.0021
14.5585
15.8149
14.4723
15.0483
14.9421
14.1332
13.7767
14.1929
14.8830
0.0000
17.1593
14.4654
13.0648
13.4032
16.5673
14.7103
14.5852
14.4886
13.1452
16.6054
15.6882
16.0675
0.0000
15.3975
15.4648
14.8704
13.8801
15.0254
14.2531
14.5921
16.6570
14.2309
15.2346
14.7256
15.8976
0.0000
16.3112
16.6285
14.5575
12.9878
15.0220
14.2143
15.1969
15.7114
15.5717
14.0588
14.1776
15.6475
0.0000
13.1043
16.2671
15.0639
14.8296
13.9790
13.3385
15.8807
14.0092
16.5922
14.4976
15.0675
15.8620
0.0000
14.1579
15.6094
15.3580
13.2966
15.0105
16.1474
14.7959
15.4937
14.6892
13.9102
14.4574
14.2917
0.0000
13.3909
14.7964
13.8975
16.0610
13.8169
16.6616
13.8804
14.7937
14.3478
14.7004
13.6103
15.9740
0.0000
14.9695
15.3516
16.2767
13.8076
16.1895
14.2810
14.2599
13.8142
14.0098
14.6536
14.0833
14.3267
0.0000
14.2961
14.2245
12.9129
14.2110
14.5240
15.3640
14.8382
14.6763
15.9643
12.6826
14.8485
15.9655
0.0000
15.5109
15.5645
15.2883
14.5200
13.4763
12.7711
14.3132
14.7786
13.5340
16.0404
14.2824
15.8000
0.0000
14.0187
13.9190
15.9516
13.8422
14.2666
14.1286
14.5363
14.1870
15.3232
16.6453
13.1344
13.8692
0.0000
14.7886
13.9892
13.6112
15.0579
15.0981
13.0807
14.4942
15.0884
15.1243
15.0025
14.5433
14.0014
0.0000
15.6959
13.7490
13.9524
14.6382
14.1565
14.3885
15.0200
14.7130
13.6609
13.9867
15.5115
15.0399
0.0000
15.5228
14.8079
14.2486
15.1894
15.4832
14.6031
13.7579
14.6973
12.7632
15.6878
14.8325
14.2360
0.0000
14.4731
14.0627
14.5853
14.1790
14.2112
15.0440
14.8826
15.0549
13.5503
14.7413
15.5144
15.7290
0.0000
13.8430
14.3123
15.3782
14.7581
16.7966
15.3699
12.8186
12.7765
15.8924
14.0331
16.9761
14.0310
0.0000
14.3132
14.8154
14.9944
14.4632
15.0961
13.6672
14.8707
16.4856
14.6856
17.2741
12.8920
14.0264
0.0000
15.8581
15.0732
13.4958
15.2373
14.4186
14.8322
16.5048
13.6353
14.5424
14.3177
14.5672
15.7961
0.0000
15.0959
13.6028
12.9908
14.8894
14.7477
16.4027
14.7063
14.2491
16.0694
14.4846
14.3918
14.0730
0.0000
15.7614
13.1108
14.5923
13.5173
14.7613
15.2800
14.9124
14.7377
14.1738
14.3213
16.1386
15.3846
0.0000
14.0336
14.7478
13.9047
16.4158
13.3470
13.8967
15.9504
15.9048
13.2491
14.6650
16.8427
15.7983
0.0000
16.9621
14.6488
15.2827
13.7432
14.7923
15.5959
14.9519
14.6565
15.8284
14.8442
12.9065
13.8212
0.0000
15.4675
12.7756
13.2440
16.1980
14.0104
15.2868
14.9769
18.0245
15.7375
13.7203
16.0085
14.5749
0.0000
15.3962
13.8456
15.8363
13.6968
13.9189
15.2325
14.3118
14.2460
14.9303
14.1799
16.0776
15.7493
0.0000
13.5357
13.5938
18.3495
14.9553
16.2274
13.2534
14.3745
13.3309
13.8356
15.1642
15.3589
15.5425
0.0000
14.6892
13.9747
14.8538
13.3525
15.4030
14.8899
14.6565
14.5099
15.4922
14.6853
12.6908
15.7974
0.0000
14.7129
13.5658
15.2716
13.7215
13.3246
14.7798
14.6084
15.4194
15.9375
14.8663
14.0173
14.3435
0.0000
14.1255
14.0940
15.6248
13.6124
16.0561
15.0352
14.6139
14.4660
16.4768
13.5340
12.8286
15.0209
0.0000
13.5215
16.2485
16.2535
14.6933
14.2521
15.0737
13.4166
16.2790
11.8783
15.6267
14.7694
15.0441
0.0000
14.0253
13.9884
13.6634
14.0561
15.2989
14.5954
14.2164
15.0668
14.7550
16.0052
16.0898
14.0940
0.0000
14.7534
15.8423
14.7493
13.8016
14.2973
15.0863
14.6142
16.1689
14.9517
14.4749
12.5983
14.0163
0.0000
14.6919
13.1702
14.8386
15.5575
15.6570
13.8378
14.1716
13.6647
14.5661
14.9457
13.8680
14.4519
0.0000
15.0474
14.0974
14.2291
15.9811
15.7334
13.9921
13.5548
15.1223
13.9272
13.0294
13.4879
13.0338
0.0000
14.9809
14.1067
16.9305
14.9146
13.8942
12.4024
14.4764
13.9349
14.4570
12.8997
16.3296
13.0944
0.0000
13.6378
14.5281
14.0552
15.5623
12.4874
15.1975
15.0574
15.7550
13.7134
13.5401
15.6404
13.2190
0.0000
13.3646
14.1584
15.4836
13.6787
14.7554
13.4695
14.9941
12.8846
13.2222
14.9536
14.4760
14.7708
0.0000
12.3716
13.7275
13.2066
15.4722
16.0113
12.9951
13.1165
13.4366
15.2231
16.4695
12.9961
15.7795
0.0000
12.5581
15.0751
14.4754
14.8469
15.3261
14.6980
13.3228
14.0109
15.0618
13.1525
12.3619
16.1459
0.0000
12.8488
14.2615
15.7520
14.6890
14.1430
15.3834
13.5992
12.2498
14.8345
13.4466
14.1347
16.1845
0.0000
14.5596
14.2900
15.8105
15.7727
12.7043
12.6953
12.1350
15.9138
13.2463
15.0745
15.4568
12.8732
0.0000
14.0084
14.0281
14.5815
13.7524
14.1267
13.3507
13.3838
17.0362
14.1433
14.1849
13.3563
13.9300
0.0000
12.2773
14.5796
14.2793
13.7577
14.2642
13.2169
14.8325
13.8937
14.3298
15.0667
14.4243
14.6320
0.0000
13.9962
15.6237
14.2311
13.6293
13.2888
13.8092
15.3884
13.5899
15.4799
13.9777
13.3330
13.6924
0.0000
12.2009
13.5407
15.1240
13.5824
14.8983
14.0409
15.7096
13.7036
14.6379
13.1350
13.6154
15.1514
0.0000
12.0372
15.3758
14.6116
12.8197
13.8171
13.6021
13.4811
15.8012
13.4394
14.8088
14.2752
14.1700
0.0000
14.4373
14.5821
14.1435
13.3736
13.2412
12.8958
13.4098
14.0820
15.3936
15.6384
13.0561
14.5399
0.0000
14.5701
14.9877
14.0005
13.9692
14.0853
13.9059
14.7634
14.1623
13.9728
12.3612
14.1830
12.8810
0.0000
13.7776
13.9260
15.6452
14.8084
12.8267
16.0679
12.6216
15.3036
14.1309
12.4588
12.7107
13.4472
0.0000
13.2320
14.5757
15.3485
11.9276
14.3069
14.2656
14.9712
12.5600
14.2534
12.8403
13.6465
15.0183
0.0000
13.8187
14.1389
14.9008
12.6035
13.7446
14.0327
12.1760
12.2190
17.1268
13.5840
14.3930
14.7563
0.0000
15.1815
14.8621
14.3840
12.2040
14.2793
13.2995
15.0236
14.4585
13.3859
12.0283
14.1127
13.2167
0.0000
13.1804
13.1818
14.1768
13.4666
13.4313
13.9031
15.0159
15.0523
13.9163
13.4531
12.3934
14.6680
0.0000
12.7325
13.5687
15.5832
12.7941
13.6183
13.5317
13.5901
14.0880
13.8846
13.9462
13.9185
14.0284
0.0000
14.3459
13.7842
12.8029
14.0469
14.7077
15.0682
15.2845
14.5103
13.1301
12.3492
12.6974
14.7954
0.0000
13.2100
12.1449
14.4153
16.0141
13.3371
15.2124
14.0400
13.3575
12.0494
15.2346
14.6101
12.3468
0.0000
14.3738
13.7938
12.4789
14.8901
14.2358
12.7999
13.5166
16.0149
13.7337
14.2392
13.5661
13.4860
0.0000
13.7938
14.3403
12.5506
13.7986
14.2772
15.9423
14.8635
13.5069
12.7264
16.1542
13.2514
12.9341
0.0000
12.7915
12.8657
14.1996
17.2383
13.3625
13.4332
12.8974
15.3343
13.5462
13.1894
14.6965
13.0618
0.0000
13.1278
13.0378
13.8668
14.4663
14.7941
14.1483
13.4392
13.9321
14.4377
12.7498
13.3615
15.1004
0.0000
15.1185
13.3639
15.2552
14.2897
15.0620
13.5168
12.7328
13.5185
16.0940
13.5526
12.7943
13.6394
0.0000
14.2777
14.9184
13.3945
15.8652
15.2036
11.8105
13.8175
14.2339
14.6421
13.1080
14.1269
12.9545
0.0000
13.9108
14.6343
13.5833
13.7442
13.5147
15.0965
13.8513
14.3200
13.0763
16.6355
13.0898
13.2638
0.0000
13.9029
13.7471
14.0938
15.1761
15.2574
13.7519
14.9933
14.0887
14.9314
14.3630
13.4613
11.6521
0.0000
14.3278
13.2846
14.3841
13.6729
13.7803
12.7466
14.6909
15.5129
14.1714
13.9875
13.2479
15.0640
0.0000
13.8750
13.9298
14.5897
13.4841
15.5703
13.8108
13.6151
13.7836
13.6953
14.9570
14.8413
12.2606
0.0000
14.4275
13.8999
15.6013
12.2538
11.9436
14.9077
14.0916
14.3945
12.4060
15.8145
15.0051
14.6464
0.0000
16.2154
13.8242
13.7603
14.9157
13.6006
13.9546
13.9514
12.5011
12.7201
14.0250
14.7500
13.8603
0.0000
13.6638
13.9758
15.4725
13.5083
13.4238
14.2135
15.3244
12.4614
12.8511
14.3990
14.2734
14.2639
0.0000
14.1097
12.4956
15.2820
15.1384
13.6449
15.1510
12.7410
14.0865
15.0806
13.5750
13.3713
13.1709
0.0000
13.7502
12.9036
15.4924
13.3137
15.0141
14.1668
14.1471
14.0180
13.3904
13.7855
14.2423
13.5065
0.0000
12.7134
13.9224
13.9067
13.4647
14.1099
14.9640
13.8438
15.6944
14.1770
13.4375
13.6863
13.9131
0.0000
14.3918
14.8429
15.8914
15.0732
12.4552
13.4792
15.2879
13.7287
13.9259
14.1917
11.5242
14.4642
0.0000
15.6079
14.1014
13.4903
15.2150
14.7043
14.9030
13.3512
14.3237
12.8624
14.8611
12.8626
12.8929
0.0000
14.9861
14.1714
13.9489
13.7517
16.2029
11.8573
13.0455
12.5405
13.9212
14.7441
14.7161
13.1196
0.0000
14.0708
14.6868
12.8137
14.8549
12.3835
12.3486
13.8466
15.4587
13.5573
13.9409
13.8023
14.8269
0.0000
16.1762
13.0275
15.6301
14.5813
15.5602
11.8734
14.1865
13.5732
13.4399
13.1059
14.4899
11.7464
0.0000
12.7358
12.3913
15.3589
11.3203
13.4361
13.9344
15.1535
16.3453
15.3249
13.4736
13.2059
13.1082
0.0000
12.5303
13.6627
13.7422
13.9401
13.0124
12.5108
14.9685
14.2942
14.0029
15.3201
14.3252
14.7012
0.0000
13.9173
14.0706
12.7160
13.8776
14.5163
13.7216
13.4670
12.5639
14.6448
16.6940
12.8718
13.2857
0.0000
12.7507
15.7451
12.0907
13.1349
15.4496
12.3410
13.7310
15.0610
13.1790
12.6907
15.5094
14.2228
0.0000
13.7183
15.8102
14.2659
12.6454
13.2559
12.3385
13.3840
13.9000
15.9158
13.8078
13.2355
13.4772
0.0000
15.7679
11.9575
12.5667
12.6839
12.9719
14.5947
13.7572
13.6339
14.0397
13.6080
15.1914
14.8523
0.0000
13.2560
12.6460
14.2383
12.8305
12.6898
13.8050
15.4672
13.6882
14.0038
13.3643
15.3894
13.3823
0.0000
11.5165
13.0234
13.1941
14.3667
15.4156
15.8973
13.6995
13.6196
15.1243
12.8102
12.6645
14.2337
0.0000
14.1853
13.6712
14.4054
12.4591
12.3251
13.3464
14.1948
13.3366
15.3009
16.0845
13.4638
11.8537
0.0000
12.5352
15.1517
12.7391
14.7798
13.7909
15.2858
14.1829
13.8738
13.3407
11.8594
14.0466
13.6011
0.0000
12.7057
14.1995
13.7967
14.6719
14.3848
13.7111
15.8427
13.3239
13.3973
13.3528
13.1609
13.5387
0.0000
13.9492
13.2218
13.4625
12.0508
14.5205
13.7202
13.5108
13.6526
12.8486
13.9615
14.2390
14.1887
0.0000
14.1946
13.9739
12.7801
15.5274
12.5763
13.0210
14.4809
13.4133
13.9774
13.5392
13.2339
13.5601
0.0000
13.7456
13.4178
15.0839
12.8667
11.5100
12.8482
12.6882
13.5731
15.2664
13.3750
13.2287
14.5090
0.0000
13.9258
12.7386
14.0708
12.6664
12.4849
14.2605
14.1900
12.7327
12.2946
13.9043
15.9786
13.5786
0.0000
15.4472
13.0800
12.9792
12.6782
13.9792
13.3665
13.3433
13.4444
15.1776
13.5857
13.1278
13.1786
0.0000
14.1973
13.8347
12.3624
11.5584
12.9233
12.9041
13.6457
14.4464
15.6651
13.6644
15.4170
12.1181
0.0000
16.0128
13.2876
13.2422
13.1096
11.7656
12.7894
12.1071
15.5036
13.4358
14.2765
13.5320
13.4781
0.0000
13.8376
11.8210
12.9944
13.9856
13.8645
13.5226
13.4301
14.6363
11.9481
13.6205
15.2434
12.1909
0.0000
14.1729
12.9434
13.2266
13.7566
14.4665
12.5732
13.4216
13.0582
13.2682
14.6038
11.8886
13.4032
0.0000
14.7517
13.3481
12.6892
12.6596
11.9717
13.1023
13.1752
11.3970
16.5416
14.1589
13.1853
13.7012
0.0000
12.4725
14.1124
13.3375
14.1836
12.7640
13.2887
12.0627
12.7236
13.8651
14.1853
12.7372
13.2820
0.0000
12.2808
14.7981
14.3145
12.4256
14.2356
13.6699
12.5113
15.0592
14.6954
11.3373
13.8010
11.8254
0.0000
13.1320
12.4455
11.6702
12.8748
12.3398
14.9955
13.2962
14.7391
13.2133
15.4109
13.5264
12.0140
0.0000
13.0202
12.5213
13.5579
12.9683
13.3870
14.2284
11.9017
15.9081
13.1288
13.4865
11.8940
13.5154
0.0000
13.2632
14.3539
11.5408
13.8936
13.2486
13.8606
13.7122
12.4128
11.9612
16.4289
12.2739
13.2907
0.0000
14.0241
14.6293
14.1848
13.6606
12.8011
14.2579
12.6518
14.0357
11.8180
12.1528
11.6196
13.3572
0.0000
11.1175
14.6235
12.1357
14.6235
13.0918
14.8584
12.7208
14.1739
11.8955
13.1094
12.4811
13.6767
0.0000
13.1123
13.1822
13.2397
15.1676
13.0334
13.5254
11.4198
12.4701
14.2490
12.5516
14.5911
11.9350
0.0000
13.4900
13.2659
12.5882
14.9650
12.7895
12.4493
12.5889
12.9673
12.3575
12.9250
13.6478
13.8740
0.0000
12.9865
14.8639
13.9812
11.7835
12.5495
13.6689
13.7408
11.1008
14.6466
11.2479
13.6372
13.2543
0.0000
12.2895
12.7793
11.5119
13.0416
12.8055
13.2263
12.7565
12.3827
13.4538
13.7297
15.2966
12.5481
0.0000
13.0017
12.8635
12.6894
13.2339
12.7469
13.4058
12.1404
12.6553
12.3423
13.1918
13.2440
14.7946
0.0000
12.8791
12.8501
12.7305
14.0186
10.4705
12.7723
13.2849
12.5244
12.9474
13.0781
13.4683
15.3875
0.0000
12.6022
13.3743
12.5316
11.4832
14.3846
12.0401
11.7043
14.0097
13.5940
12.8797
14.7041
12.5541
0.0000
11.7259
12.6291
15.2290
13.5469
14.3848
12.0632
11.5944
12.4832
12.0054
13.7576
15.1399
12.0163
0.0000
14.3067
12.2749
12.0795
12.4483
14.1171
12.9315
12.8385
13.9705
13.9578
12.7990
12.3650
12.1206
0.0000
13.8120
12.4110
13.9348
12.0021
16.7601
13.3242
12.5090
14.1076
12.1754
12.1525
12.0781
11.9752
0.0000
11.8603
12.6179
13.0404
13.1488
12.7053
15.8357
12.5057
14.4234
12.9276
13.5892
13.8671
12.0200
0.0000
13.5701
12.8853
12.8115
12.4638
13.4270
14.1597
12.4945
13.3974
12.2006
13.5674
12.0129
13.6108
0.0000
13.7556
12.2857
13.1877
13.9299
13.9226
13.2312
12.9293
10.7967
11.4250
13.7546
14.7125
13.7305
0.0000
12.3208
13.6321
14.3896
15.7542
12.9619
14.8547
11.1594
10.7181
12.5821
12.1896
11.9370
13.5743
0.0000
13.0934
12.8512
10.9423
14.2639
13.0300
11.8155
14.0779
11.3678
13.4025
13.4200
13.7109
13.5529
0.0000
12.7865
13.4903
10.4690
13.4236
13.5220
12.7834
12.4747
13.7153
13.1101
12.1936
12.4567
13.7869
0.0000
14.5730
11.7440
12.7168
13.6135
13.2693
11.1620
13.4301
11.4862
12.0263
12.3875
13.2060
13.7227
0.0000
12.5276
13.0464
13.6530
9.9696
12.3649
14.4617
10.8972
12.9238
12.5419
14.4539
12.5344
13.7808
0.0000
14.1140
12.0026
13.3193
14.6276
10.6701
12.1567
13.4307
9.8928
12.3501
13.9546
13.7622
12.3104
0.0000
13.3346
11.9337
12.5030
11.7443
12.2888
14.0348
13.2009
11.9021
10.8752
12.6493
12.3660
13.7607
0.0000
12.2541
12.7864
12.7253
13.4871
12.8623
11.5450
12.1418
12.9779
10.4536
13.4888
12.7354
12.2055
0.0000
11.3077
13.1838
12.8569
12.9373
11.9457
13.4742
13.3218
10.3395
11.6959
13.4404
12.1570
13.1796
0.0000
12.7074
12.4082
12.2394
11.6392
12.8049
11.3223
11.7829
13.3385
12.0627
12.1863
13.3315
12.5300
0.0000
12.0714
11.7087
11.9745
11.9603
13.2971
11.3902
12.7207
12.0116
11.5761
14.2248
11.1029
14.1302
0.0000
11.8317
13.3311
14.8047
13.1290
12.1120
11.4228
11.2411
10.5326
12.8433
12.5332
13.7850
11.1574
0.0000
10.1549
10.9914
13.9670
12.4584
13.1493
14.1353
13.2498
11.7609
12.8074
11.3428
11.2873
12.3482
0.0000
11.5199
13.1290
11.5007
11.8096
12.6848
13.9504
10.2029
12.3841
11.6442
12.1255
12.4582
12.0227
0.0000
11.8403
13.0434
12.1995
10.9478
14.6708
11.1958
11.9382
12.7473
13.6920
10.0415
11.0443
12.8113
0.0000
12.7651
12.9876
12.0885
12.8169
13.4921
10.5967
11.8769
12.4228
11.6042
11.1547
12.0429
12.7910
0.0000
12.6511
12.9246
11.1388
12.8535
15.0294
11.4647
11.7483
10.9085
11.4272
12.0005
11.8028
12.9493
0.0000
11.5774
10.5568
12.8157
12.3127
12.3661
11.8587
11.7893
11.6587
10.9088
14.1220
14.7221
12.2464
0.0000
12.0144
11.5800
11.4841
12.3498
13.7167
10.3890
11.6224
12.9094
11.0805
11.1312
14.9022
14.1878
0.0000
12.3361
12.0875
12.0261
11.4254
11.5137
12.3000
13.3599
11.7824
10.7321
11.9593
14.2414
12.6558
0.0000
11.8666
10.6493
11.4254
13.6870
11.5258
13.7243
10.3161
12.3697
12.0769
12.1623
14.2699
12.7865
0.0000
12.2251
12.0323
11.9130
12.0260
12.5122
11.1167
10.5038
12.7249
13.3757
12.9147
12.7917
11.5399
0.0000
12.0611
11.0663
12.6248
12.9805
10.9272
11.6773
10.8170
14.4629
12.7356
11.8786
12.3255
14.3057
0.0000
13.5252
13.7515
12.6228
13.7154
11.6098
12.3155
11.6375
10.5004
12.0272
11.7768
11.8407
11.0510
0.0000
12.3144
12.1252
12.6150
11.5123
12.1627
13.2742
12.4788
12.7251
12.0028
11.7255
13.1353
11.1714
0.0000
13.3078
9.6304
13.4900
14.0774
10.6782
12.0572
11.7214
13.0393
11.1261
12.5716
12.3080
14.2681
0.0000
11.4486
13.0139
11.5707
12.6291
11.8797
11.6778
12.3757
13.9052
13.7291
12.0045
11.8932
10.8476
0.0000
11.2143
12.0685
9.8927
13.1726
11.5513
12.6952
11.4104
12.6812
12.7349
13.1646
13.5342
13.3889
0.0000
11.5968
11.7531
13.2150
11.5434
11.7955
12.4858
11.4942
13.0242
10.8313
13.8552
11.7229
14.1321
0.0000
11.4676
11.8329
12.9509
11.6655
11.8938
13.2736
12.2546
11.9351
12.0019
11.4044
12.7404
12.5281
0.0000
12.1977
11.4677
13.9514
10.8295
11.6359
11.8712
12.8269
11.4513
13.7006
11.4230
12.5815
12.6151
0.0000
11.4280
12.2909
13.9101
10.3583
11.4418
12.8667
14.4977
11.6835
12.7114
12.6065
12.4373
11.3938
0.0000
12.0168
11.0783
12.0173
10.9814
12.2911
10.5841
12.5959
14.6424
12.1084
12.7402
12.4498
12.0289
0.0000
12.0548
12.1075
12.5054
12.1245
11.4443
11.5798
12.2144
13.1567
11.3431
12.8899
12.3949
12.9118
0.0000
12.0457
12.1053
13.1540
10.6475
12.5499
12.6819
12.1195
11.4794
12.2618
13.0305
12.1993
12.2254
0.0000
11.9615
12.3965
11.5748
12.0337
11.9725
11.7121
12.2740
13.4594
12.7214
11.5755
11.8043
12.0848
0.0000
13.0474
10.7831
10.8948
12.9881
12.3721
10.0910
11.9863
13.2140
12.7053
12.7095
12.7668
12.6250
0.0000
11.9007
10.8153
11.7578
12.3506
11.8046
12.1909
11.7985
11.6768
12.8213
13.6339
14.0328
11.5107
0.0000
11.5270
11.9440
13.3702
12.2507
11.3274
10.1694
11.7422
13.6629
14.3348
11.3974
12.5204
12.3203
0.0000
14.1442
12.1180
10.9251
13.2783
10.2589
10.7547
14.0585
13.0476
11.2313
12.8484
12.1084
11.5933
0.0000
12.1548
13.7253
11.5540
12.9980
12.0803
11.6106
12.1618
12.3123
12.2752
12.9978
11.4816
11.1046
0.0000
11.8127
13.5118
11.9779
12.9673
12.6960
12.0144
10.8755
11.2628
11.6411
11.3980
12.8450
12.8716
0.0000
12.5623
12.6726
11.4723
10.4536
13.6068
12.6167
12.1930
13.4524
9.8906
11.4338
12.6918
12.3871
0.0000
12.3572
12.1558
12.2559
10.5310
11.4144
11.6475
10.9480
12.2904
13.6391
12.5522
13.0789
12.9135
0.0000
12.5767
13.4836
12.0684
12.8118
11.6354
13.0563
11.9832
10.2099
11.2467
12.3466
11.1926
12.4370
0.0000
12.6538
11.7080
12.1672
11.5509
12.0007
10.7300
13.0471
12.9395
11.6805
12.2406
10.3018
12.5745
0.0000
12.4906
11.1378
11.7448
12.1799
12.8145
12.5903
11.5426
13.3112
10.6044
11.5560
12.0821
12.1353
0.0000
12.4514
10.4297
12.6201
12.5039
13.4020
11.0681
11.1427
11.7656
12.9110
11.5012
10.7727
11.6884
0.0000
11.7702
11.9341
13.3516
10.6144
12.4756
11.7979
11.9495
11.4747
13.0352
10.9658
13.3958
11.2150
0.0000
11.5858
11.0135
12.7753
12.1643
12.0953
9.9355
12.3784
11.0884
13.1326
12.4248
12.3972
11.1351
0.0000
9.9214
12.3557
13.3732
11.0606
11.0389
12.0809
11.4846
13.3594
12.0719
11.8923
12.1418
11.7668
0.0000
10.7990
12.5590
10.3804
11.2424
14.0405
10.8771
10.4246
10.3224
12.7498
11.9849
12.9132
11.5507
0.0000
12.8026
12.7150
12.7438
12.2695
10.8118
10.8685
11.5449
12.4753
10.4961
12.2118
11.5715
11.2045
0.0000
10.6835
10.6069
12.5774
12.4709
11.3591
11.3655
14.1965
13.3092
10.5554
11.4600
11.6863
11.2957
0.0000
12.0671
10.7341
12.4871
12.0524
11.2830
12.4355
11.8555
12.3485
11.4463
12.0519
11.7274
11.0241
0.0000
11.3075
10.7857
12.6565
12.1824
12.8261
11.7041
10.9855
12.3613
11.8606
11.7351
11.7936
11.2264
0.0000
11.3850
11.6945
10.8229
11.6505
11.3142
12.9524
11.3788
11.4988
12.8962
11.5755
11.4214
12.7109
0.0000
12.7026
10.8338
10.7132
9.7200
12.1997
11.5558
11.9875
12.0935
11.5642
11.8238
13.0216
11.2894
0.0000
11.0490
12.7832
11.1165
10.0678
11.5248
11.1802
12.2124
11.4067
11.9439
11.4226
11.4839
12.9737
0.0000
11.4946
11.3260
10.4445
11.1396
11.6743
12.0544
11.0884
11.7248
11.4645
13.6807
12.6667
11.0197
0.0000
9.9912
13.2387
11.2126
11.7726
10.5618
9.8865
11.8665
11.6077
11.7238
10.9125
11.7019
14.8872
0.0000
10.0979
10.9979
11.6389
10.3659
14.7227
10.2523
11.6184
9.5630
11.9504
11.8954
12.2520
11.6865
0.0000
11.4492
11.6072
10.3125
12.9772
10.6768
11.2741
10.1935
12.0806
11.8518
10.4515
12.4866
11.6769
0.0000
10.9780
9.4301
12.9632
11.3982
11.0400
11.7556
10.3927
13.0905
11.2225
12.2632
11.4025
11.7125
0.0000
11.3663
12.8044
11.9565
10.5259
10.6961
10.9752
11.6635
11.6180
12.2542
10.9834
11.8093
10.5264
0.0000
12.3633
11.2967
11.7039
11.4375
11.9702
10.2901
11.8328
10.6423
10.6614
11.6776
12.2085
11.4891
0.0000
11.3423
10.2550
10.5767
11.4832
11.8096
11.9683
11.9097
12.8533
10.5084
11.2090
11.6923
10.6735
0.0000
11.3398
11.3462
10.8625
11.0930
10.9890
11.8000
11.9771
11.3545
11.1290
11.8438
12.3157
11.6103
0.0000
13.0282
12.5927
12.1640
11.1387
11.7803
9.1411
11.1825
12.0327
12.5652
11.6321
10.0598
11.7678
0.0000
10.4974
10.9210
13.2651
12.5424
11.5356
10.6108
11.5493
13.2830
11.4010
11.3272
9.7859
12.5364
0.0000
11.1790
9.7163
12.3518
10.9053
12.3525
11.3191
11.0365
13.2036
11.5731
12.3745
10.8913
12.9236
0.0000
10.4846
12.1431
11.3258
11.4318
12.0515
12.1030
10.3162
11.8627
10.9970
13.3133
13.1039
11.6451
0.0000
12.2902
11.4873
11.6079
11.0578
12.4851
12.0115
11.2320
10.1703
10.8909
10.3918
12.8286
12.2629
0.0000
12.3792
11.7192
9.7355
9.9210
11.2101
11.5805
11.1856
11.7825
12.1357
12.7326
12.6128
10.1965
0.0000
12.8906
11.2601
12.3140
11.8579
11.0800
9.5093
10.4510
10.7866
12.4945
11.1212
11.7553
11.7981
0.0000
11.0670
11.2541
11.1077
10.6290
11.2423
11.8894
10.3274
11.8020
11.2688
12.3589
11.1418
13.4879
0.0000
11.3070
12.2180
10.7711
11.4791
12.1763
11.7212
11.5243
10.3083
11.5637
13.3654
10.2865
9.9613
0.0000
11.4363
11.0637
10.5531
11.1228
11.8132
11.3688
11.4750
11.7483
11.1195
11.0104
9.7853
11.7560
0.0000
10.3298
9.7939
10.8243
12.3792
11.9928
12.3227
10.8816
12.5936
10.8939
12.1909
10.7323
10.3010
0.0000
9.7188
11.1541
12.7503
11.0599
9.8114
10.6402
12.4221
10.7588
10.9669
13.1338
11.6603
11.6488
0.0000
12.7001
10.7571
10.0276
12.7615
12.2180
10.8520
10.4454
10.3002
11.0206
11.6377
11.5399
11.6012
0.0000
11.2769
10.8203
11.7747
11.1647
12.9182
12.2691
9.6680
11.1605
12.5722
11.2919
11.2259
10.0147
0.0000
12.2377
10.7872
8.6983
13.1945
10.7034
10.1062
12.6300
10.9534
11.4625
11.1555
11.4974
11.5421
0.0000
10.7412
11.3991
10.0450
12.7269
10.7794
10.9434
12.5853
10.6164
11.2393
11.5337
10.2666
12.0833
0.0000
11.0154
10.5904
11.1597
11.0817
12.6167
9.7378
10.7420
11.8357
11.3728
10.8255
11.0623
10.8522
0.0000
11.1606
9.8070
10.0103
12.9923
12.4919
9.1103
11.3731
10.2452
10.3170
11.2048
12.0178
12.2671
0.0000
9.7705
10.7186
10.9844
11.5476
11.1351
12.0404
10.5708
9.0136
12.3552
11.6631
11.7385
10.6274
0.0000
9.2300
11.4019
11.3467
11.6919
11.3975
12.0769
10.4545
9.3954
11.0755
11.6887
11.2594
10.7718
0.0000
10.6359
12.2488
12.5171
12.1953
11.8559
10.7441
9.8261
10.6411
9.5808
10.7100
10.9110
11.7280
0.0000
11.8348
10.2507
12.9872
11.7857
10.0687
10.6600
10.0267
10.9169
10.8018
10.3022
10.3188
13.6107
0.0000
9.2371
11.6739
11.0341
11.3101
11.2126
11.2142
10.9274
10.8475
11.7180
11.2454
10.4153
10.3319
0.0000
11.2827
11.2648
9.7801
10.1252
13.1680
11.3177
11.3022
8.9243
10.7195
11.2171
11.5248
11.7275
0.0000
10.1729
10.6050
9.9317
12.5040
9.6291
10.7140
10.1371
12.2294
11.3618
9.7778
11.3742
12.1396
0.0000
9.4878
8.9930
12.8302
11.4617
11.3394
10.7916
13.1647
9.8934
11.5168
10.6314
10.2451
11.7264
0.0000
11.3975
11.3701
10.9238
11.2768
11.9244
10.8542
12.1905
9.8944
11.0904
10.5387
9.4180
10.2218
0.0000
11.4036
9.5451
10.8565
10.0348
11.4834
11.0557
9.4219
12.7615
11.5542
10.2535
10.3375
11.7454
0.0000
10.0375
11.1790
11.3506
11.6890
11.8677
10.5000
9.5641
13.0159
10.5627
11.2488
8.6998
10.6046
0.0000
10.7869
11.0781
10.9275
10.8171
10.6267
11.5371
8.7456
10.3847
10.9688
10.6513
11.9692
10.2701
0.0000
11.4028
8.8960
12.6757
11.2537
8.5694
10.9956
8.9853
11.9003
9.9184
10.9380
12.1253
10.9460
0.0000
9.0404
11.4414
11.4993
11.1389
8.5007
12.1908
10.8969
12.1381
10.0744
10.9423
10.4209
10.5618
0.0000
12.1250
9.6535
11.2397
10.2991
9.0403
9.6450
10.2623
11.4358
10.8404
10.1600
10.3435
13.5513
0.0000
10.9317
11.7396
10.2188
10.8264
10.2668
11.2532
11.3371
10.2135
10.1919
11.4351
11.2998
9.2783
0.0000
12.3581
11.3545
9.6812
9.7907
9.6623
11.3342
9.3626
10.3808
10.9478
10.8101
11.0804
10.2836
0.0000
11.4774
10.5257
10.8008
10.3913
10.2435
11.7307
11.4053
9.5408
10.3862
9.8967
10.7918
9.0938
0.0000
11.3038
9.3885
9.9732
10.4377
11.0226
8.8408
9.9889
10.2164
11.3717
10.7695
10.4908
12.0449
0.0000
10.3034
10.4700
9.5939
10.2190
11.9156
10.4171
12.4078
9.9171
9.3832
11.1353
9.1218
9.4664
0.0000
10.5115
9.8438
9.5772
10.8359
10.0504
10.1575
9.0103
11.7213
9.3764
11.0820
12.2157
10.4586
0.0000
9.5161
10.1648
9.0352
11.6208
10.8010
9.5399
11.0513
10.9678
9.9827
10.8171
10.7365
10.8620
0.0000
11.0513
9.7814
10.6943
10.0724
10.7636
10.5296
10.0663
11.5464
11.8874
11.6367
7.9798
9.2171
0.0000
11.4859
10.3322
11.7351
10.7139
9.8125
10.2931
10.8948
8.8800
8.1848
10.6010
9.4890
11.0061
0.0000
9.6847
10.9644
9.9413
10.5370
11.0372
10.5041
9.4487
10.5644
11.0645
10.9375
9.6511
10.4964
0.0000
10.0599
10.4171
10.6834
10.0981
10.0459
9.9645
11.3961
11.1776
9.5396
9.8632
9.5772
10.6341
0.0000
10.1363
10.2392
11.3476
10.1939
9.0802
9.4174
10.9917
10.8389
10.0623
11.5389
9.5385
9.9046
0.0000
9.6584
11.4151
8.8079
8.7787
10.1140
9.0057
10.7515
13.4778
9.9323
9.4251
10.4087
10.8032
0.0000
10.9273
9.3162
8.8102
12.5789
11.0151
10.9415
7.6430
10.0990
9.5668
8.7479
10.8516
10.7825
0.0000
9.8743
11.4413
10.7014
10.9782
9.6794
9.1507
8.8633
11.7994
9.8563
9.3601
9.2819
10.6632
0.0000
12.1422
9.1572
8.9918
10.0099
8.5997
10.3767
10.6677
9.6304
9.5429
9.6913
11.4080
10.1351
0.0000
11.6442
9.9639
10.4744
10.6877
9.0089
8.8985
10.5723
8.7461
10.2404
9.6288
9.8142
11.2351
0.0000
10.4177
10.4825
9.7543
9.6536
11.1895
10.1096
9.6574
9.5566
9.3575
9.9773
11.0491
10.0843
0.0000
11.4524
9.8334
9.4486
9.2881
10.1832
9.1023
9.0899
10.2026
9.5367
9.7502
12.5500
9.4275
0.0000
9.8667
10.3050
9.1695
10.1974
10.1826
9.6780
9.7157
11.2629
11.5028
8.8624
10.7639
9.2615
0.0000
9.0445
7.8826
10.6233
10.0673
11.3030
9.8628
9.8466
11.1687
9.3547
11.9157
9.2067
9.5147
0.0000
9.3719
10.4033
10.6855
9.2059
10.3670
10.1262
9.4704
8.4370
8.8396
9.8655
10.0813
10.5905
0.0000
9.9688
9.0275
9.0506
8.9446
10.4734
10.4326
10.4055
8.7201
8.8892
11.4166
9.5168
10.4348
0.0000
10.6733
9.0954
10.8232
9.7553
7.6482
10.5869
8.8144
10.6658
12.5370
9.5649
9.2628
10.1276
0.0000
10.7827
10.0596
9.6983
9.7625
10.4311
9.5244
8.0688
9.6358
10.0661
10.5354
9.7859
8.8201
0.0000
9.5789
10.2844
9.4048
9.6695
8.7869
9.9725
9.7192
9.2216
9.4415
9.1066
11.4524
9.4953
0.0000
10.1030
9.3014
11.6178
9.2134
7.9292
10.4016
10.6539
9.2690
9.7450
8.9520
9.7382
10.1633
0.0000
10.2297
10.1797
9.8346
9.9243
10.1396
8.6150
10.0642
10.4307
9.1101
10.7790
8.9878
9.3260
0.0000
9.9209
10.3086
9.1625
12.1531
9.3371
9.7445
8.8414
10.6488
7.6239
10.2250
10.5239
9.3843
0.0000
10.6788
8.9963
9.8680
10.3177
9.2206
9.0585
11.2093
9.6236
10.4298
8.2677
10.2748
12.0502
0.0000
9.7115
9.8889
8.9590
9.1325
10.2517
10.8393
8.9287
9.7183
11.0699
10.5079
10.0541
9.3456
0.0000
9.7721
10.6372
9.5298
10.9529
12.9743
9.1507
9.5040
10.6260
10.2614
8.9285
7.7172
10.0002
0.0000
10.9080
9.4141
10.0767
8.9552
9.2154
8.6948
11.6003
9.7392
8.9944
9.7095
10.2476
10.8408
0.0000
8.8006
9.5909
10.8994
10.4158
9.9844
9.9800
10.9685
10.5476
8.7062
9.6551
10.8740
8.0721
0.0000
11.4272
11.2913
10.4375
9.6027
7.9583
10.4482
11.3138
10.1956
9.0516
9.7635
8.6418
9.8802
0.0000
10.1560
9.4255
10.7831
8.8699
10.1635
11.2994
8.8720
10.1488
8.2819
11.1487
10.9688
9.2659
0.0000
10.3452
10.6804
10.5657
9.2164
8.4327
11.2366
8.6111
10.5298
10.4546
9.6296
10.4796
8.7341
0.0000
9.5486
10.4134
10.7234
9.3219
9.2955
9.0243
8.1810
10.6809
9.6493
9.3258
9.9741
11.8828
0.0000
10.4075
10.1646
10.7059
9.3662
9.0858
8.8130
10.0134
9.7855
9.8011
9.7609
9.8243
10.8560
0.0000
10.4497
9.4522
11.0353
10.4104
9.6709
9.3455
9.6409
8.9943
9.7957
9.6042
11.1652
9.3692
0.0000
8.9226
8.5749
10.6035
9.1814
11.4762
9.2950
11.1527
9.7897
11.2562
9.7651
9.7024
9.8937
0.0000
10.5117
9.8365
8.4943
8.6473
11.0308
8.6571
9.6113
10.1099
11.3957
10.8792
10.0509
10.9107
0.0000
9.2929
8.7631
10.9921
10.0955
11.1151
10.6617
8.9909
9.4214
9.9814
10.1572
11.0056
9.6851
0.0000
8.6507
10.0510
8.8983
8.8330
9.0490
11.3143
10.0997
10.1438
11.1848
9.7140
11.5666
10.1612
0.0000
8.8190
10.4976
10.1938
10.1183
10.0298
11.1370
9.2605
10.3826
9.4401
9.7339
9.4876
10.5654
0.0000
9.4626
9.2455
9.4126
10.8733
10.3662
9.4311
10.6450
10.1396
9.8115
10.0291
9.4487
10.1245
0.0000
11.1759
10.4819
8.7560
8.5921
10.0200
9.2651
9.1348
11.6167
8.7530
10.2063
10.7839
10.7444
0.0000
10.6632
9.2537
9.2304
10.1296
9.6963
10.5778
10.6802
9.6402
9.8546
8.7273
10.4420
10.7419
0.0000
7.9402
10.1075
9.9764
9.9913
12.3403
9.2151
9.1479
10.3831
10.1305
11.1307
11.2190
8.4792
0.0000
10.8609
9.9628
8.8573
9.4160
10.8934
9.3473
9.1585
11.0948
9.5301
9.5672
8.5944
10.0736
0.0000
8.9754
9.7663
10.1282
9.8952
10.0953
9.7320
9.6721
9.6787
10.9571
9.5072
9.9585
9.1593
0.0000
8.8160
10.8924
10.3247
9.1335
8.8776
8.5632
10.3726
11.4101
11.2964
8.7236
9.5833
9.4964
0.0000
9.2244
8.9957
8.1215
9.8377
9.8849
8.7365
9.8013
9.8933
9.8380
9.8505
10.1608
11.8717
0.0000
10.0850
9.3329
8.5201
10.7654
11.1094
9.4332
10.2034
8.4242
8.8223
10.0947
9.6178
9.5028
0.0000
11.2051
9.9338
9.1832
11.3614
8.3447
8.9083
10.2251
9.1343
8.2332
9.8591
9.9072
10.3159
0.0000
9.9229
10.3911
10.3007
9.1624
9.5587
9.6462
8.6903
9.9602
8.8755
9.6517
8.9797
9.5938
0.0000
8.9399
9.5500
9.8892
10.9613
9.8311
9.6060
9.0803
7.5219
9.0303
11.2240
9.7398
9.5743
0.0000
9.2834
10.9428
8.9910
10.5655
8.2507
10.7117
8.5553
9.7434
8.1399
10.1892
8.9021
9.7591
0.0000
9.2935
10.3911
9.5644
8.0793
9.2121
8.5648
10.6243
9.2124
10.0974
10.7190
8.2962
9.9926
0.0000
9.1766
10.4030
8.6133
9.9626
9.5875
9.7498
10.2607
9.4779
7.7794
8.3564
11.0645
9.6808
0.0000
7.6583
10.7426
8.0211
11.2007
9.6601
10.4680
9.2197
10.0079
9.9002
9.6250
10.6335
8.4062
0.0000
8.7368
9.0921
10.8491
9.4416
10.2411
9.3201
9.4053
9.3615
8.0573
10.2336
9.6517
9.6456
0.0000
9.8606
7.9271
10.1344
9.8843
9.0814
8.9585
10.5444
8.7722
9.2730
9.9539
9.3776
9.8730
0.0000
8.9231
9.5729
10.8747
8.9608
9.1660
9.0140
9.0156
9.9602
10.2671
9.5261
9.6906
8.8472
0.0000
8.8622
11.4011
8.9564
11.4513
9.0566
11.0766
9.9746
9.2365
8.8911
9.0689
8.8848
7.1162
0.0000
9.5437
9.1172
10.9851
10.2666
9.0821
9.8384
9.0933
10.4635
7.5560
10.0317
9.6264
8.3863
0.0000
9.7505
9.2325
9.6026
10.4871
8.9065
9.3362
9.9549
8.5443
10.1541
9.3591
9.8035
8.1714
0.0000
8.3643
9.4022
9.7241
8.3527
8.9430
8.9216
9.0632
11.0638
9.8540
9.7012
9.6370
9.8020
0.0000
8.6660
9.9983
8.4321
9.7147
11.3543
10.3552
9.7349
8.4902
10.2075
9.2720
9.1915
8.4023
0.0000
9.1375
8.7886
9.0854
8.9782
8.7678
10.2700
9.9775
10.2522
9.1686
11.1593
8.9233
8.8486
0.0000
9.0099
9.1490
10.6484
8.3842
9.2339
9.6533
8.8960
10.5938
9.8381
8.7057
9.7966
8.9340
0.0000
8.7582
9.5757
9.0699
8.4046
9.5428
10.0249
10.8173
9.1494
10.3611
8.9172
9.6709
9.7865
0.0000
9.4000
11.4121
7.4489
8.8898
12.1914
9.8877
9.2223
9.3539
8.8657
8.2964
8.6723
10.9157
0.0000
9.3798
9.3913
9.8164
9.2904
10.2991
10.3978
7.7736
9.3196
8.7577
9.2848
10.1108
9.4799
0.0000
9.5103
10.0338
8.6295
8.0295
8.9046
9.0689
9.5901
9.5459
10.0491
10.4204
7.7577
10.5350
0.0000
8.3594
10.9564
9.0486
9.5856
9.3678
10.5533
9.1300
8.8932
9.3916
9.0921
8.7558
8.7952
0.0000
8.2659
8.7545
11.0862
10.8394
9.5750
8.9588
9.1087
8.7211
10.8919
8.8071
8.4590
8.8577
0.0000
8.5341
8.3057
9.2623
7.6173
9.4370
9.8713
8.4548
10.2520
7.8143
9.9725
9.4382
11.1507
0.0000
9.7043
7.8568
8.1812
10.0995
10.7369
9.5055
8.6117
9.9239
9.1617
8.4422
8.5672
9.9043
0.0000
9.5605
8.6785
8.9796
10.7309
8.2011
9.4126
8.4155
9.2514
9.1534
10.2886
9.7878
9.8178
0.0000
7.7686
10.1262
9.0810
9.0265
10.1384
10.1850
8.4137
9.7502
9.2933
8.5772
10.1936
9.3627
0.0000
8.0758
9.8101
11.5534
8.9306
8.4202
9.5209
8.9572
9.0774
8.5530
9.7865
9.7175
9.9837
0.0000
8.7404
8.9252
7.8591
10.5244
9.3415
9.5680
9.2481
10.5823
8.9600
9.8972
9.2057
10.3413
0.0000
10.2267
7.9297
9.5630
9.4224
9.0831
9.2375
8.2408
9.4277
10.3938
9.8171
8.6542
9.6534
0.0000
7.9079
10.1361
9.6660
10.1345
9.4050
8.1535
9.0601
9.9307
9.2351
8.4706
9.0582
9.7727
0.0000
8.7723
10.1012
10.1597
9.1959
10.9096
9.2424
7.3308
8.0595
11.1124
8.4467
9.6524
9.1686
0.0000
8.9195
8.3295
9.3688
9.0239
10.3919
9.3657
9.7837
8.9086
8.6772
9.8506
9.9424
9.1365
0.0000
8.5869
10.3589
10.1922
7.8334
10.7873
9.0495
8.8804
8.8816
9.2420
8.4293
8.5427
10.5010
0.0000
8.0673
10.2599
9.7100
9.0932
9.4889
9.8037
8.8411
10.0784
9.2483
8.4964
9.8623
8.7845
0.0000
9.3966
9.0743
7.9784
10.5769
8.9079
10.7262
8.7962
11.0372
8.3483
8.8125
10.3220
9.6454
0.0000
9.5877
9.1105
8.4174
10.6902
8.8357
8.7758
8.1579
11.5205
9.1636
11.0215
8.6516
9.3769
0.0000
9.3382
9.0760
9.3904
9.1904
10.0529
10.5288
8.9318
9.7959
8.6723
7.3663
9.1255
9.8481
0.0000
8.2045
10.3140
7.9879
9.3736
10.1057
8.4510
10.1553
9.5123
10.2546
9.8284
8.7123
8.2721
0.0000
9.6663
9.2129
9.3082
9.3382
9.6099
8.3568
8.7843
10.3554
8.7578
9.1233
9.8337
9.0587
0.0000
9.2526
9.4397
9.3445
9.3060
7.6631
9.8142
8.9029
10.3524
8.8996
8.8951
10.4670
9.1587
0.0000
9.2067
11.0909
9.6138
8.4666
10.5216
9.4868
7.8146
9.0350
8.9221
9.3510
8.5343
8.4146
0.0000
10.3916
9.0680
9.1452
9.8550
9.2760
8.5767
10.3924
9.0187
7.5742
9.8105
8.5019
9.2671
0.0000
7.7146
8.4457
9.4353
10.5627
9.3367
11.1260
10.6014
7.8143
8.5250
9.0859
9.8477
9.0561
0.0000
9.7573
7.6383
9.2865
9.3755
8.1612
10.2307
7.8504
8.8797
9.8357
9.9549
9.9443
9.6714
0.0000
8.9755
10.4040
9.5256
7.9612
9.1674
8.9433
9.0928
10.1252
8.7408
8.0503
8.9112
9.6274
0.0000
10.3727
8.3540
10.4940
9.0527
8.6780
8.9622
8.6193
8.5930
8.9103
9.8003
8.4510
8.6496
0.0000
9.6875
8.1570
9.3752
8.9630
9.4016
7.8072
9.2341
8.6304
8.8589
8.7474
9.3151
9.8584
0.0000
8.4183
9.3828
10.1032
8.6503
8.7911
7.8482
9.3250
9.1815
9.1375
8.9214
8.5215
8.7185
0.0000
9.2866
10.1023
8.1960
9.7555
8.9332
8.1089
9.0687
8.9853
8.2675
8.7910
8.7935
8.4848
0.0000
8.9127
7.8692
9.5305
9.0909
9.1007
10.5701
8.2227
9.5627
7.9431
8.5343
9.2490
8.7954
0.0000
7.6516
9.0955
8.2794
9.8482
8.3776
9.6796
8.7666
8.3892
8.0561
8.2209
8.7282
10.0444
0.0000
7.7554
8.3923
8.1333
8.3054
10.9167
8.0306
9.6328
8.9651
8.1213
8.6450
10.4297
8.6989
0.0000
7.8577
7.5229
8.8701
9.2449
9.6372
8.2358
8.4302
8.9292
7.7973
9.3752
8.5236
9.9276
0.0000
9.3958
9.0992
8.2642
8.0212
8.9478
9.5400
9.6877
8.4377
8.5666
8.2104
9.3855
7.4341
0.0000
7.7565
9.8088
9.7656
9.8417
8.0464
9.3843
8.3961
6.5202
9.9370
8.7562
8.5340
8.6314
0.0000
7.6719
9.4635
8.5028
7.6852
9.5132
9.3406
9.2046
5.6357
10.2319
9.4003
11.0666
8.6991
0.0000
9.2434
9.7911
9.0831
8.8529
9.1401
7.0761
9.3093
8.4974
8.5469
8.9654
7.8031
8.5488
0.0000
8.9566
8.2555
7.9202
9.4662
8.4898
7.9639
8.0672
8.5471
9.6216
8.8702
9.0757
10.0702
0.0000
8.8682
8.2483
9.6587
8.8786
8.9555
8.3168
8.8151
8.9478
7.7541
10.3763
8.3016
8.6065
0.0000
8.3750
8.2112
9.2732
8.0268
9.5875
8.4524
8.0180
9.2112
8.2785
8.6604
9.7222
9.9415
0.0000
9.7989
8.7438
9.5422
9.7160
7.8487
9.3983
8.9798
8.2962
8.1411
8.2943
9.1341
8.8130
0.0000
10.2326
7.7950
10.2006
9.1431
7.4641
9.3293
7.0732
8.9029
8.5425
10.0526
9.1012
8.4095
0.0000
8.6817
8.2889
10.2449
8.6858
9.4107
8.2413
9.5486
8.0893
7.6294
8.8832
9.3880
8.7332
0.0000
8.4562
10.4602
9.3091
8.4111
9.3904
7.4563
8.2488
9.6838
9.7118
8.0985
8.6918
8.6610
0.0000
9.2136
8.3450
8.3634
9.0650
8.2884
9.1638
8.3729
9.4619
7.1979
9.4302
8.8442
10.0238
0.0000
7.9149
9.2371
10.3092
7.6549
8.9226
9.3748
9.3225
8.1569
8.0233
8.1319
9.2382
9.8374
0.0000
8.5981
7.7539
9.3740
9.1674
9.3594
8.8063
8.6851
8.5507
8.3526
7.9286
10.1858
8.6404
0.0000
7.6988
10.1517
8.8531
10.3934
9.3350
7.8906
8.8786
8.3909
7.7750
9.7428
8.7524
9.0859
0.0000
8.0721
8.7644
9.2717
7.8346
8.7409
8.8611
9.6124
8.9197
7.6507
9.9256
9.9400
8.5781
0.0000
9.7641
9.2571
8.9326
8.1885
9.6012
8.5757
8.8320
8.5092
8.2236
7.8267
10.0102
7.7599
0.0000
10.1258
8.7394
8.0767
9.6709
9.5198
8.7048
8.5370
8.0700
10.2876
7.9301
8.3400
8.4676
0.0000
9.4011
9.1262
10.2349
8.8665
9.6394
8.5398
6.9576
8.5237
8.2684
9.3678
9.1543
8.5528
0.0000
8.2263
7.5538
7.8727
9.3386
8.7656
8.2887
9.1216
9.5173
9.6328
8.9394
9.3325
9.8435
0.0000
9.7760
8.9510
9.4274
8.9930
7.7276
9.4073
9.3010
9.5530
7.9731
8.6544
8.0593
8.7940
0.0000
8.7168
9.5580
9.3174
9.0409
9.7902
10.4070
7.8379
8.2206
9.3435
7.6838
9.0168
7.6454
0.0000
8.2094
8.2090
9.6021
8.6940
9.4836
9.8376
8.7268
10.1205
9.0242
8.5372
7.7631
8.4368
0.0000
8.6635
9.0000
8.7318
9.1233
9.9611
8.8483
8.1376
8.8111
8.0044
8.9897
10.1401
8.8009
0.0000
9.2589
8.6680
8.1830
7.8541
9.2971
8.5888
9.1985
9.3964
8.9143
8.6863
9.2898
8.7199
0.0000
9.3716
7.7169
9.0410
8.8418
8.0623
10.7383
8.0641
8.2370
10.1585
8.2870
7.9867
9.8086
0.0000
9.9137
8.9329
10.2293
7.6882
7.7670
9.4407
7.2310
8.0772
9.7258
9.3284
8.5672
9.3447
0.0000
7.7239
8.2495
10.1305
9.8755
8.7962
8.4017
9.4849
9.6525
8.2514
7.9319
9.2221
8.2050
0.0000
9.4478
9.3558
9.5022
9.1419
7.8407
9.6850
7.9053
7.2538
9.2778
7.9053
8.1203
9.1173
0.0000
9.6394
9.5059
8.1771
8.9341
9.2795
9.3901
6.5493
8.8038
7.7036
8.5606
8.9781
8.8794
0.0000
10.3665
8.6659
8.8110
6.9119
9.3308
8.2564
7.2366
9.4742
8.9238
9.3647
8.5432
8.5779
0.0000
8.9080
9.8315
7.4942
7.6508
8.8286
10.2039
8.9283
7.6006
9.4055
8.8591
8.5703
7.3709
0.0000
8.1469
9.0371
8.7404
8.7344
8.1856
8.3331
7.6340
8.7882
10.5136
8.1227
9.9189
8.7185
0.0000
9.0226
7.1515
7.5725
9.8080
9.0853
8.9115
9.7991
8.8118
9.6213
8.0730
8.5024
8.5999
0.0000
10.0443
8.5091
8.1006
8.5663
8.1399
9.8142
9.4062
8.4155
7.8773
7.5377
7.7696
8.8175
0.0000
8.5517
7.3516
8.4526
7.6670
9.7549
8.2668
8.6142
9.1304
9.1725
9.1615
8.6627
8.0247
0.0000
8.8413
9.5037
7.9601
7.3757
7.0659
8.9275
9.7324
9.2080
9.3567
7.9118
8.9268
8.7716
0.0000
7.2899
10.4183
9.1827
9.2012
7.8953
7.9514
8.0885
8.1368
8.3667
9.6016
7.7078
8.8376
0.0000
9.0027
8.5983
9.0928
7.8554
8.5849
8.7150
10.0955
7.0496
7.8934
9.7158
8.8411
7.8454
0.0000
8.5928
7.6304
7.2930
9.6664
9.4741
7.9446
8.0220
8.3040
8.1416
8.7897
9.8407
8.5741
0.0000
9.7474
7.9228
9.6493
8.9744
8.1252
8.6490
8.3648
6.8644
8.1560
8.8666
9.1637
8.6207
0.0000
7.9124
8.0239
8.4938
6.8958
8.2401
9.8455
9.3733
9.4229
8.2233
7.5896
9.4182
8.3324
0.0000
8.4036
8.3808
6.9112
9.3632
10.1427
7.2028
8.8740
8.1915
7.9440
9.6106
8.9712
7.9240
0.0000
7.8102
10.0592
8.3326
8.0855
9.1069
7.4976
9.6245
7.6032
8.2505
7.7941
9.1460
8.5204
0.0000
8.7183
7.1714
8.6495
8.3809
7.8629
9.3850
8.9548
7.6047
7.7750
9.0596
7.9188
10.1104
0.0000
8.8467
9.2151
7.8132
10.5076
8.0146
7.4865
8.1657
7.0978
7.6238
9.0360
8.2784
8.4335
0.0000
7.7462
9.3095
8.5442
8.8196
6.8369
8.4394
8.5394
7.2633
9.9829
7.8295
9.3705
7.6501
0.0000
8.8715
7.9993
7.1680
9.2626
7.7425
7.2638
8.3930
8.4716
8.6416
8.1165
8.3978
8.8176
0.0000
9.3453
8.6194
8.1721
7.8082
8.7410
8.3089
7.0770
7.6063
8.6387
8.7788
8.0227
7.4157
0.0000
6.7779
8.7373
7.8858
9.0836
8.4725
8.5571
8.5431
7.7375
8.3082
8.6840
8.4022
7.1005
0.0000
8.0065
7.8994
8.8435
8.7673
8.5843
7.4358
7.6397
8.2114
8.8774
9.1409
7.9822
7.3660
0.0000
7.5093
7.5933
8.2892
9.1682
7.2175
7.8407
9.8213
6.1125
9.5541
8.5096
7.6378
8.8521
0.0000
8.7046
7.8906
8.3149
7.7163
8.5041
9.5342
8.1856
7.1298
7.7557
7.1213
7.0945
8.8235
0.0000
7.5425
8.0430
7.1542
7.3603
9.5731
7.8759
8.5990
9.6809
7.9983
8.8614
7.8067
7.5765
0.0000
8.7341
7.5284
8.3143
7.2283
8.5255
8.2166
7.1560
9.0405
7.0659
8.1154
8.6197
9.9987
0.0000
7.7566
8.2572
8.4067
6.8383
9.2128
7.2106
8.2113
8.2111
9.1827
7.8262
8.2264
7.7274
0.0000
8.6648
8.3723
7.9707
8.1207
7.6681
8.7769
8.3607
7.1774
7.2401
7.8729
8.6492
8.7272
0.0000
7.8635
8.0569
10.6258
8.3127
8.1329
8.4707
7.5926
8.3334
8.3231
7.2470
7.5518
7.6964
0.0000
7.7606
8.2981
7.6505
7.7024
8.1693
8.8309
8.2750
9.4224
8.5310
6.3417
7.6316
8.8242
0.0000
8.4264
7.6998
8.4132
8.1434
7.9579
8.3740
6.7240
8.0512
7.8411
9.4206
7.7400
9.2278
0.0000
8.6309
8.7076
7.7550
9.5971
7.2668
7.3524
8.7251
8.0661
8.1704
7.3986
6.3734
8.7869
0.0000
8.4310
7.2348
7.0551
8.1054
7.7921
7.0401
8.5437
8.6985
9.1235
7.8021
10.1308
7.6091
0.0000
8.5530
7.0986
7.2486
8.6872
8.1947
7.9185
8.3534
8.4805
7.9231
7.9915
7.4783
8.8235
0.0000
7.2903
8.1450
7.6068
7.8229
8.8105
7.7517
9.0855
7.6581
6.7056
8.4055
8.8110
9.9987
0.0000
7.2616
7.1565
7.0519
8.6377
8.4310
7.4368
7.9478
8.8862
8.6272
8.7771
8.1983
8.3933
0.0000
7.8094
6.9562
7.7964
7.5121
8.8841
7.7101
8.8684
8.7070
6.9297
7.9593
7.8667
7.8868
0.0000
8.8003
8.7847
7.0212
7.1933
8.0158
6.2498
7.8483
6.6298
7.9361
8.3043
9.0737
9.1101
0.0000
7.6416
7.2246
7.9583
7.6373
6.9527
7.5471
8.6722
8.4570
7.5616
8.2019
9.1406
6.4789
0.0000
7.8518
8.9660
8.0084
7.1539
8.1995
5.9900
6.8939
8.3923
8.6409
8.4097
8.1966
7.5639
0.0000
9.1501
8.1281
7.0675
6.9498
7.9457
7.4171
7.5110
7.8334
6.7874
8.1392
8.0928
7.8435
0.0000
7.6096
7.0585
8.3982
8.1560
8.1089
8.1341
7.0208
8.3040
7.5382
7.7330
7.6446
6.7812
0.0000
7.9197
6.6590
7.4924
7.1385
8.7250
7.4714
7.3582
8.2437
8.6204
7.1285
7.1662
7.8909
0.0000
7.3470
7.5310
5.9155
8.2569
6.5004
7.6522
8.4369
8.3852
7.3219
7.3237
8.0117
8.2278
0.0000
7.0426
8.5861
7.1416
7.2191
7.0973
7.8772
6.7761
7.7825
8.6922
7.0497
8.4750
7.7493
0.0000
8.7597
7.0114
7.1529
6.4267
8.2107
7.3544
8.0540
7.9009
7.2176
6.9422
8.3777
7.1750
0.0000
7.4358
7.2755
8.3579
8.3730
8.5000
6.9361
7.4519
7.6966
7.3861
8.3743
7.7228
5.9384
0.0000
7.0296
8.0093
6.6080
7.5239
8.7150
7.3579
9.6998
7.4695
7.4170
6.4839
7.5254
8.1074
0.0000
6.6929
6.9302
8.3472
9.2319
7.1877
7.8339
8.2405
7.4647
7.1839
7.0551
7.2387
8.4078
0.0000
7.9272
8.3529
7.6053
6.4690
8.3750
7.7094
7.2791
8.2897
7.7834
7.3409
7.3300
7.6373
0.0000
8.5227
6.1243
7.9895
7.2330
6.1875
7.7844
8.5076
7.3928
8.6302
6.7764
8.8259
7.7401
0.0000
7.0890
6.9202
7.0285
8.2152
6.9873
8.7696
7.2431
7.4273
8.1746
7.2209
8.5339
7.6693
0.0000
5.9164
7.0563
7.4094
9.4262
8.1921
7.9263
7.4458
7.3428
7.3752
6.7420
7.7159
9.5377
0.0000
6.1913
7.7188
8.7014
6.8625
7.1420
8.0378
8.2903
7.6233
7.3378
7.2684
7.7163
8.5254
0.0000
6.9534
6.8265
7.2453
7.0901
7.3799
7.6145
7.9539
7.8345
8.5821
7.3741
7.7498
7.7081
0.0000
6.6290
7.6019
7.5498
7.4589
7.8752
8.6533
7.3374
8.5737
7.9319
6.3111
7.0000
7.5534
0.0000
6.9676
7.9480
8.2599
7.0929
7.3350
7.9512
6.9809
7.5601
7.2022
7.8498
8.1380
7.7851
0.0000
6.7964
6.9470
8.0764
9.5015
7.4286
6.6084
7.6647
6.0057
6.0231
8.4767
8.2537
8.4167
0.0000
7.2175
7.2349
7.0223
7.3530
7.5603
9.4841
7.3575
7.3373
7.1234
7.0697
7.6740
7.6998
0.0000
7.1870
7.0911
7.1628
5.8680
6.2266
7.2578
7.1018
8.6201
6.9307
7.7261
8.8114
7.9656
0.0000
7.9168
8.2967
6.8525
6.9956
6.4201
7.1000
6.5502
7.0248
7.3123
8.0763
7.9096
6.8536
0.0000
7.6067
7.5652
7.3219
8.2423
6.8542
7.2976
6.5956
7.2424
8.0021
6.6597
7.5152
7.7175
0.0000
7.9983
8.0786
7.9207
6.5007
6.8430
7.5962
7.2254
6.9461
7.3693
6.6541
7.3041
7.7596
0.0000
8.0457
6.4195
7.3707
8.4410
7.5097
7.1236
7.6983
6.1721
8.0641
6.7608
7.8936
7.8071
0.0000
6.5727
7.9580
6.7378
7.0560
7.3738
6.9202
7.7044
7.2218
7.8543
7.6228
8.3030
7.0701
0.0000
