15.7642
16.0613
14.4524
15.8359
15.6449
15.8928
16.8904
19.6192
16.0490
15.6974
17.0590
15.0429
0.0000
15.8087
16.0805
17.0076
16.2038
16.4038
16.8096
16.2396
17.5388
17.2891
16.3665
16.4226
16.4115
0.0000
16.3833
17.0266
17.6392
16.0655
19.9081
18.1176
17.1257
15.8761
18.8667
15.6548
16.5210
15.5550
0.0000
17.7178
17.0231
16.5656
18.1875
19.4277
16.0473
15.7960
19.4546
19.0520
18.1453
17.8926
15.5625
0.0000
18.3550
19.9173
18.3923
15.1183
19.5988
20.0849
15.9504
16.7379
16.7128
19.5451
18.7827
16.2817
0.0000
19.0146
17.5958
17.1784
17.3679
18.1016
20.5141
16.8589
20.2014
19.0859
17.3046
17.5938
18.3785
0.0000
18.5077
17.4373
20.4133
17.1840
18.5094
20.4791
20.9434
18.0703
18.3560
17.4517
17.4398
18.1616
0.0000
18.4229
21.4495
16.2611
19.3825
19.8957
20.2721
18.8578
17.6485
23.2206
17.5224
18.9791
18.2975
0.0000
18.8534
18.0225
20.3271
18.7637
22.5076
16.2658
19.0771
21.3952
19.5080
19.3227
18.7278
20.8503
0.0000
19.6712
20.7414
20.6373
19.0771
17.9972
20.3591
20.7401
19.8210
18.2118
17.9294
22.3505
20.1593
0.0000
21.9788
18.0093
21.3683
18.8428
19.0765
17.9696
23.9833
20.7803
20.7239
19.6453
20.4147
20.0038
0.0000
18.8435
20.2681
19.5480
20.1899
20.3111
20.0679
20.1868
19.4695
23.0123
22.0367
19.9548
21.6272
0.0000
21.4343
19.9501
18.4141
21.6023
20.1021
18.7422
22.0875
19.9937
23.2247
21.9612
20.6084
21.0843
0.0000
19.1889
21.2029
20.3108
20.9197
22.7103
21.2625
19.8872
20.9924
20.6418
21.9841
21.9084
22.6755
0.0000
19.9432
20.7604
21.8687
20.2114
21.7031
22.1321
22.6481
19.4035
23.1223
21.6788
20.9153
22.5664
0.0000
22.9526
22.0605
21.4755
22.9844
21.2315
21.1473
21.4444
20.5616
22.2420
21.8101
20.9214
20.2072
0.0000
21.5682
21.7425
22.2654
25.1266
21.9314
21.1241
21.5608
20.3661
20.4446
21.6356
22.5498
21.2279
0.0000
21.4097
22.1143
19.6598
22.4807
21.0282
21.8068
21.8123
23.0522
21.7521
25.8380
22.3411
22.3377
0.0000
22.8508
25.3690
21.4023
22.3954
22.5870
22.5828
21.8554
21.2218
22.8428
20.5134
22.6606
23.0269
0.0000
23.8526
22.7957
20.7500
21.0290
23.4680
22.5599
21.8902
23.0503
23.9328
22.1339
22.4941
22.4266
0.0000
26.1036
22.7138
21.1866
22.6435
23.6230
22.4370
21.8887
23.7183
23.0837
22.1616
21.3913
21.8141
0.0000
23.2969
22.5159
24.3901
21.9855
23.9651
23.3245
20.8476
22.2645
24.5913
22.3387
22.6873
22.5257
0.0000
24.0666
24.6701
23.2945
21.8401
23.5064
27.0635
21.2301
23.4469
22.1016
21.7093
22.8729
21.4611
0.0000
21.9613
26.8840
24.4385
20.1562
23.9355
25.4569
24.5184
25.1162
23.0852
24.1621
21.2326
20.3000
0.0000
25.6757
22.0240
23.4504
23.1948
23.8921
22.6385
23.0728
23.3767
22.6695
24.5339
22.5322
24.9908
0.0000
24.4710
22.6151
23.0945
24.2895
21.6456
23.3629
22.8450
22.9792
22.4088
24.8223
24.7849
24.9849
0.0000
23.1957
21.3040
23.5187
23.3385
22.8335
22.6129
24.0832
26.6671
22.1481
26.8094
23.8260
26.8983
0.0000
24.0031
25.5288
24.6172
25.4375
21.5338
24.4502
24.8817
24.4012
21.8005
23.8234
24.6822
23.9553
0.0000
26.6837
24.7046
24.6091
24.5365
22.0940
23.6284
24.7252
23.4788
21.6790
25.8581
25.8462
23.7348
0.0000
22.5850
24.4187
26.2170
24.3875
24.7135
21.0059
23.7339
24.0268
23.8475
25.9005
24.6466
27.3327
0.0000
27.1960
23.4769
23.7164
21.9118
25.7021
25.5326
26.6406
21.2496
24.0137
23.6031
24.5170
24.5107
0.0000
27.6656
24.5248
25.5101
23.3288
27.1828
22.8647
22.9212
22.9304
24.8267
23.5539
25.3633
23.9767
0.0000
23.4869
25.0449
21.5147
24.1406
23.3973
24.3078
22.5869
27.4413
24.9846
25.2971
27.7487
24.5180
0.0000
26.8329
21.3387
23.0725
22.4486
23.7654
23.3658
25.7989
27.7205
24.2792
25.9586
25.2382
27.6116
0.0000
25.3616
24.1439
22.8729
25.6763
24.0308
22.9074
24.6965
25.1276
28.4900
24.5874
27.5829
23.3305
0.0000
23.7789
21.1753
26.2046
24.1897
23.0668
26.5000
24.7846
25.9194
25.5664
25.2856
28.5630
25.0234
0.0000
24.6683
26.3899
25.9454
23.3892
25.8069
25.4546
25.0649
24.2903
23.8989
24.8409
25.0132
26.3240
0.0000
27.7500
25.0565
28.5391
26.5198
24.0951
23.7157
22.2859
25.2974
24.8168
24.6600
24.6496
22.8467
0.0000
26.4201
21.4439
25.1690
27.2034
26.7059
26.3252
24.5387
24.9145
26.9630
24.8643
24.3109
24.5466
0.0000
25.5325
26.1603
23.2289
23.1436
24.8262
26.2610
27.8185
23.4095
24.4667
23.9297
25.8105
26.7200
0.0000
28.0063
25.1495
25.5544
23.8653
24.4856
26.4254
25.1303
23.4830
24.8383
24.3594
25.8522
24.6288
0.0000
25.5713
25.4126
25.9749
24.7522
24.8481
24.5730
25.1605
22.6830
24.8449
24.9571
24.9883
27.0958
0.0000
26.6217
24.0647
25.9593
25.8584
23.5497
22.8413
26.5045
24.7416
25.3714
26.2284
26.5486
25.6099
0.0000
23.4040
25.9192
29.3457
25.4923
24.0028
22.6404
27.2410
26.9224
25.4653
24.6959
24.0071
25.7988
0.0000
23.7367
27.5701
26.9849
25.1541
24.9988
23.2162
23.0450
25.1545
26.8179
25.7249
23.7578
27.2016
0.0000
24.3398
23.1376
26.2039
26.3679
26.0637
25.5884
23.4864
25.7473
25.2081
24.3944
28.6711
25.1712
0.0000
26.0583
26.6634
25.2450
25.4714
25.6252
23.0992
26.7571
24.4396
26.0781
26.1929
24.0473
23.7442
0.0000
23.7253
24.7772
24.1068
25.3969
25.8602
24.1847
26.6377
24.3636
27.9221
25.1625
27.2502
26.2555
0.0000
25.5588
24.7828
25.1392
27.0129
25.0246
24.0814
25.2763
26.5190
27.3591
26.7166
26.6023
24.3847
0.0000
24.7100
25.0291
28.2541
24.8941
27.0273
25.2839
24.0303
24.0358
25.8406
26.7815
25.7943
24.1058
0.0000
27.2996
23.3859
24.7045
23.9389
28.4521
26.9380
25.8911
24.4839
24.1567
22.3708
26.2147
30.7045
0.0000
24.3251
25.1809
23.2563
25.1352
28.0786
26.4390
24.9664
26.5745
26.4555
28.2286
24.6094
26.2214
0.0000
26.3809
24.3535
23.0821
24.2624
27.2628
27.8356
25.2304
25.3651
26.0663
26.4209
26.4707
27.0466
0.0000
25.7886
25.0727
27.3654
23.8141
27.7288
23.2165
27.0558
24.2855
22.4797
27.7555
26.9219
25.9760
0.0000
23.6572
28.0066
26.2898
25.8190
27.0174
26.7688
25.2322
24.5872
26.0601
26.1310
23.5679
24.6891
0.0000
25.1664
24.8699
25.0741
24.4361
23.4106
25.4245
27.3296
27.4271
27.2383
26.5723
25.1318
26.8306
0.0000
24.7666
25.6803
25.0973
24.3706
25.9385
25.4560
27.1701
25.7279
25.6906
23.9149
27.8203
26.4129
0.0000
25.5029
28.3858
24.7519
25.8916
24.5501
26.3541
24.7022
26.3368
22.7712
26.7488
26.9363
25.6194
0.0000
27.5749
26.5038
24.9617
25.0684
23.7919
24.6209
26.4488
28.1674
25.3137
24.4837
28.4753
25.5597
0.0000
25.4452
24.8035
27.1895
23.4210
25.4399
26.6860
26.8132
25.8726
26.2251
23.9504
25.9772
26.3726
0.0000
27.3633
26.5664
25.3383
25.9584
27.1102
25.2521
27.0625
25.5452
24.3675
24.7971
27.3483
22.6986
0.0000
25.9445
24.5942
25.0821
25.8752
24.4175
26.0829
27.4442
25.9863
26.1435
26.5129
25.4962
26.4288
0.0000
25.3274
25.0469
27.1843
23.4588
24.7458
27.0502
25.5432
26.8845
23.7679
29.9928
27.1614
23.2496
0.0000
26.8390
25.8877
25.3804
27.6729
27.3035
25.7502
25.1700
23.4531
25.2235
24.0411
25.6442
26.0781
0.0000
24.0062
27.1841
26.3684
25.4190
25.6272
26.5527
23.9274
26.4526
26.8948
24.3215
27.2865
23.8833
0.0000
24.7231
23.3582
24.9306
22.8864
24.1667
31.4627
28.1527
24.8799
24.4841
26.7559
26.0928
26.4072
0.0000
28.5095
24.3861
24.3346
25.2540
26.7664
25.9414
23.6521
24.8993
24.9027
25.9829
25.2162
27.2834
0.0000
24.7688
26.1064
24.8932
26.9587
23.7125
25.1136
26.0233
23.2607
26.2990
28.1329
25.1863
26.0276
0.0000
25.3894
26.8371
23.8162
28.3895
26.9730
24.8800
26.9097
24.0889
25.9849
24.7998
23.9239
25.8390
0.0000
28.3074
26.4070
27.5906
25.5368
23.8679
25.0755
26.3943
25.9344
26.5830
21.7179
24.7400
25.1859
0.0000
24.3015
25.5978
23.8578
24.5198
24.6735
25.1521
25.9115
26.3465
25.8834
27.6555
25.4972
25.9437
0.0000
25.5630
26.5784
24.1712
28.1601
24.6972
23.5917
24.8885
24.3899
23.2803
27.0536
26.0077
26.5818
0.0000
25.2742
25.2321
24.6619
27.1895
23.2856
26.4048
27.0260
25.3253
25.1809
24.4965
27.2956
24.4694
0.0000
25.7135
25.2740
26.5494
24.0310
22.4413
23.3559
28.2714
24.7069
27.3077
24.9377
26.5266
24.5110
0.0000
25.0593
27.4979
25.4754
26.2151
25.7361
25.2280
25.0774
22.7444
25.0530
25.3830
24.4375
25.9829
0.0000
23.1091
26.5960
24.7354
26.2185
25.2359
23.2378
25.9441
27.3758
24.8170
25.6565
25.7812
24.4277
0.0000
24.4226
23.6469
26.0195
25.7481
23.9697
24.6515
25.8926
24.6370
27.0714
25.8892
26.7954
24.0032
0.0000
25.2019
23.5444
26.1741
26.1086
25.0002
27.4730
24.7680
24.9583
26.5645
24.2031
24.5108
26.0752
0.0000
25.1300
24.1812
25.6643
24.0063
27.4214
28.0041
23.5811
25.8067
24.4881
23.7378
26.5384
26.7422
0.0000
27.5081
24.8714
26.2852
21.8352
25.9976
25.0353
25.4245
26.2747
27.0229
24.7848
25.1545
23.6420
0.0000
25.6221
24.5426
26.4273
22.1413
25.6821
25.0971
25.1034
24.1896
24.7822
26.1948
28.5891
24.7410
0.0000
22.6148
26.6084
25.5900
28.1324
27.3480
23.9853
25.3072
24.2810
22.9361
26.1218
25.7111
25.5606
0.0000
24.6018
24.0103
25.0904
27.9278
22.9613
25.4488
26.2524
22.4625
26.9273
25.6140
27.2567
26.7690
0.0000
26.6193
26.7277
25.7109
26.6625
23.1486
25.5082
24.7779
24.8130
24.3187
25.2398
24.6800
24.7878
0.0000
25.5661
25.0298
25.8989
24.1714
23.8001
24.2474
23.4554
27.5451
27.2215
26.9918
23.0555
27.3589
0.0000
26.9921
24.5237
23.1820
24.1522
24.2346
25.4077
21.7139
26.8169
25.3594
26.8423
27.2207
25.2154
0.0000
23.8659
25.1420
24.3179
25.8069
24.2692
24.0648
25.5625
25.2673
26.2941
26.9479
27.1993
23.5368
0.0000
24.5511
23.4459
23.9209
26.4926
25.9253
24.0007
25.7419
25.0606
25.2161
25.8688
26.2209
25.2988
0.0000
25.5336
24.1768
24.7800
26.0710
26.2939
26.0481
26.2009
24.8267
26.1621
24.2668
24.7237
24.8664
0.0000
23.4646
26.2354
25.4026
26.1465
23.5154
24.2711
25.3863
24.2556
26.0867
27.2828
24.7292
25.5445
0.0000
26.6177
22.7308
21.9648
27.6069
24.9832
25.4936
26.0149
25.7471
24.2548
26.8167
24.5163
27.5598
0.0000
26.0168
25.2234
25.0935
23.4754
27.4526
27.6935
25.0109
24.3239
24.7486
23.7259
24.9273
26.0312
0.0000
25.7339
24.2043
25.3865
23.9624
23.4177
25.2947
25.3226
27.5930
25.0692
25.6805
24.7119
25.5810
0.0000
28.8729
26.3883
23.2926
25.4469
24.8142
22.9753
22.9455
27.0388
25.1286
25.1272
23.5326
27.6818
0.0000
25.9699
25.9038
24.9718
27.1502
25.4022
24.9496
25.3171
24.8745
23.6967
23.8549
25.8550
24.2085
0.0000
25.1103
23.9007
27.1033
26.3357
25.8775
25.0740
25.4966
26.8222
26.0898
23.0183
24.9114
24.3031
0.0000
25.0541
25.9111
25.1952
25.6817
23.7760
25.5094
27.4282
24.3685
24.2910
26.3984
26.1460
24.7295
0.0000
25.5579
25.5662
26.9657
25.9197
24.5656
24.2071
24.0392
22.6321
26.6855
25.2683
24.7976
26.4712
0.0000
24.4318
24.4524
23.4274
23.9904
25.9856
28.0479
25.2255
27.3737
22.7561
24.9502
28.0537
24.3825
0.0000
23.8888
24.0077
24.7500
27.8855
25.7775
25.5229
23.7104
25.1243
25.3228
27.4803
25.6168
23.0638
0.0000
24.0749
25.3159
23.9797
25.3036
26.6806
24.3326
24.8643
25.0110
24.9917
25.3392
27.4395
26.5215
0.0000
26.5419
23.8253
25.6182
26.4080
23.4855
24.6901
26.1016
24.6948
26.7850
24.9593
24.5035
24.5287
0.0000
24.9980
27.7006
27.9288
22.8884
24.1059
25.2029
23.5306
26.1201
25.3800
25.4000
25.8779
24.1411
0.0000
25.4448
27.1114
24.4804
24.4290
26.5558
23.5603
25.1644
25.1274
24.6406
23.8051
24.3733
25.9471
0.0000
24.3902
25.6008
25.4852
24.7448
26.1128
24.9962
24.7401
24.6780
24.6683
26.8041
24.7521
24.1071
0.0000
26.4950
22.5350
27.4129
23.1051
26.3847
26.4665
22.7210
24.6792
24.9323
23.6562
26.6195
25.7534
0.0000
23.6395
24.5211
26.8624
24.4394
25.4426
23.6989
26.4888
25.2437
26.0786
24.7195
24.7474
24.9503
0.0000
24.4715
27.2203
26.0809
24.4562
24.6594
24.4702
23.7857
23.0117
23.0437
25.1411
27.3685
24.8887
0.0000
24.4188
23.9820
22.9449
24.9316
24.0694
27.1482
24.5440
27.9226
25.3531
23.0423
25.4578
25.1180
0.0000
25.9149
26.1504
24.4278
23.5306
26.3507
23.2351
25.1904
23.0147
25.1310
25.4192
24.0455
26.4680
0.0000
23.9976
24.2055
25.7029
24.4643
25.3942
24.8034
24.6505
25.7185
22.9230
25.3262
27.3296
24.7206
0.0000
22.2024
25.4167
26.1369
22.2358
25.8041
27.0343
24.5154
24.4782
23.8078
24.1994
27.3488
26.3217
0.0000
27.3975
23.4506
26.6338
24.9221
24.7690
23.8692
25.3071
24.4062
25.7090
25.3317
23.6418
23.5873
0.0000
23.4000
24.6812
24.9413
23.9664
25.4993
26.3207
25.7986
23.2109
23.2215
26.0508
25.1026
25.1736
0.0000
24.3928
23.5730
24.1028
24.4967
24.5705
26.4767
23.3525
27.0033
25.0526
24.7005
26.7840
24.8591
0.0000
26.7742
25.9668
26.1342
24.2358
24.2656
24.8671
25.5531
22.5229
24.3641
25.7144
23.4623
24.7249
0.0000
25.3962
24.8896
25.0005
25.0528
25.8052
22.2940
24.0951
23.4005
25.0743
25.4627
25.8325
26.7649
0.0000
24.8055
21.8114
28.4708
26.1863
24.3250
25.0119
24.3170
24.5791
27.6926
24.9988
25.1077
22.2283
0.0000
24.4214
24.1795
24.1439
27.2031
27.2568
25.4767
26.2097
26.1363
24.2043
22.8501
23.5563
24.5294
0.0000
24.7387
22.5265
24.2083
23.9759
23.5324
27.1542
24.8255
25.0014
25.0178
27.8863
25.9568
24.7576
0.0000
25.4966
28.4201
21.4676
23.5033
25.9412
25.9563
24.7433
25.2358
23.8160
24.1968
25.7553
25.1692
0.0000
24.3170
23.7348
23.7682
23.8040
26.3641
24.5803
28.0669
25.9517
25.8428
23.2417
25.7996
25.0992
0.0000
26.6505
24.2325
24.0710
23.7789
24.1134
24.4602
26.2344
25.4639
25.6619
25.0377
25.4091
24.2528
0.0000
27.7351
23.3431
25.8462
24.8224
25.5740
23.8568
23.1749
25.8347
24.2351
25.1517
24.7330
25.3991
0.0000
27.3870
27.6114
22.6273
22.9798
25.3565
25.6113
24.0471
23.3886
25.9107
25.0536
25.2207
24.9908
0.0000
25.3613
27.2082
22.8088
24.0360
27.1820
22.5222
25.2898
24.3327
24.2616
25.0776
25.1632
24.7358
0.0000
23.9731
24.2197
27.7869
26.6131
23.0751
23.1670
24.4257
25.3794
26.5938
25.8967
22.5665
25.3373
0.0000
25.7180
25.4775
28.7883
22.4780
25.2673
23.4143
24.6858
23.7158
24.7872
24.6626
27.3017
25.1929
0.0000
24.3165
24.8502
23.3449
23.0721
24.6236
23.9529
27.5161
25.3899
25.0938
25.3639
26.0178
26.4468
0.0000
24.2012
23.3880
26.7964
26.2795
25.8380
25.5059
22.5734
25.8157
23.1661
26.1726
23.1560
25.3651
0.0000
24.8279
23.3279
24.7815
24.1160
22.2631
24.0102
24.4893
24.2427
28.4734
27.5234
25.3466
24.4265
0.0000
22.7969
24.3321
25.9758
24.7401
27.1714
24.8952
23.5140
25.8628
24.8733
23.2073
25.2512
25.2065
0.0000
27.5961
24.0713
26.4922
26.0047
24.1858
22.4635
24.7400
21.9931
25.1798
26.1500
23.6371
25.0139
0.0000
24.9688
23.7209
23.7630
24.1147
25.5012
22.8059
23.5959
26.0823
25.8633
25.0034
25.4915
24.7348
0.0000
24.3337
24.8784
22.0856
24.9126
25.3464
25.8070
24.7779
23.8190
25.1894
23.3017
26.3110
25.6704
0.0000
24.2402
22.7420
23.8438
23.6368
23.9318
24.0164
25.8475
24.8401
26.0910
24.3196
25.5120
25.2637
0.0000
24.5447
25.1870
23.6599
21.9244
26.3651
23.6219
24.0549
25.0217
24.9337
24.2659
24.3498
25.0462
0.0000
22.0414
24.3952
24.9824
24.6702
25.8589
23.8719
25.8304
24.7815
24.2299
23.4767
25.7317
23.0786
0.0000
24.5024
22.0777
24.7538
25.8286
23.3650
23.2895
24.8284
23.9983
25.5872
23.6409
25.4480
27.8458
0.0000
25.4692
24.2305
24.8694
22.3212
21.4926
23.6863
24.2877
25.1243
24.7178
26.4846
26.0417
23.5683
0.0000
25.0890
22.7206
24.3058
22.9187
25.6580
22.3876
27.8034
20.8442
25.3633
25.9751
22.6141
25.5229
0.0000
22.1978
24.6006
24.6545
22.8792
25.2952
23.0945
25.7599
23.6136
23.3055
23.3270
23.4921
27.5543
0.0000
25.6696
24.4905
24.7906
24.7722
24.5868
25.4735
21.3049
21.9545
25.3062
25.2229
21.8594
25.4905
0.0000
24.5142
26.6844
21.3069
23.1287
23.1357
24.7434
24.9114
20.3891
27.0307
24.1901
25.9132
25.5425
0.0000
24.7102
26.8174
24.5764
23.2260
23.8934
23.2404
22.6824
26.2825
23.1875
22.0147
24.6086
24.6413
0.0000
24.9883
24.0680
22.5375
22.5443
25.6585
24.7751
23.7893
24.9331
22.7989
23.9673
25.8239
23.8295
0.0000
25.1553
25.2579
25.5863
23.3083
25.0669
24.0486
25.2429
22.3837
24.9473
23.8324
22.0439
23.9112
0.0000
23.1816
24.9751
25.4227
24.0726
22.7355
24.3115
24.9615
23.6658
23.7944
25.4099
23.7514
25.6465
0.0000
24.4194
22.1932
25.2364
22.1119
25.3440
25.6337
25.1465
24.6560
23.3085
23.7720
24.1498
23.8220
0.0000
25.5082
25.4199
24.5681
24.0853
22.3389
25.7423
21.8501
26.0502
23.2139
26.7203
22.0892
23.4692
0.0000
23.1350
25.4247
23.5263
22.4908
24.1231
24.2075
23.7891
26.2608
25.8351
25.8204
21.2004
24.8523
0.0000
24.6455
23.7772
22.2112
25.1500
22.5924
23.2938
24.9199
23.8061
25.2549
24.1911
27.8479
23.6353
0.0000
24.8043
21.5285
22.0427
23.3480
25.6029
25.4141
23.2699
23.0875
25.1535
25.5930
22.6684
24.5046
0.0000
23.3625
25.2981
24.7675
25.6505
23.8743
23.1180
23.3108
23.2211
24.0443
23.3330
26.2858
23.3813
0.0000
22.4748
22.7708
23.5123
23.1593
23.3445
27.8747
23.0436
22.8298
24.1933
24.5351
26.5837
24.0349
0.0000
21.4196
23.5679
24.8162
24.4299
25.1300
23.2533
22.8298
25.5386
24.3284
23.3232
22.7063
26.2429
0.0000
24.7021
23.7440
23.2547
22.6771
23.1133
25.0625
25.3430
22.0960
24.5830
25.6190
24.1221
22.6473
0.0000
22.6168
21.9793
21.6861
23.9282
25.3341
23.5402
25.9511
24.7104
25.3214
22.3874
25.0737
24.2502
0.0000
23.0971
25.8334
27.1291
23.5990
23.1817
24.3534
25.5642
20.8735
24.1776
23.6600
23.2952
24.0351
0.0000
24.7092
25.4019
23.0977
24.9141
24.8958
24.2928
21.5376
24.2262
23.7114
23.7644
26.3385
22.7360
0.0000
24.8409
23.9728
24.9395
21.3970
24.7634
23.6018
23.5296
26.3982
22.5604
22.3054
25.4742
23.2843
0.0000
23.2493
24.0147
22.8897
22.9696
23.6136
26.1880
23.6598
25.6927
24.9954
24.4808
19.7040
25.9990
0.0000
24.9113
23.0966
21.1438
24.4363
25.6664
25.2431
22.1781
24.7585
24.4976
24.6772
22.6740
22.7171
0.0000
23.0949
22.7008
21.7223
25.1240
25.7671
23.2867
24.0712
23.3040
26.3143
23.6420
23.5315
24.4894
0.0000
22.8840
24.4411
23.3435
23.2270
27.0766
21.9706
24.5227
26.8046
24.5347
23.1241
23.7768
22.3488
0.0000
22.8988
26.2810
23.3019
23.5057
24.7773
25.3081
22.0947
23.9582
24.5048
25.0975
22.8155
22.6978
0.0000
22.1438
23.5678
24.2205
27.9089
22.7663
24.9097
24.9250
24.6401
23.3099
22.8229
23.8591
23.0278
0.0000
21.9090
23.3724
24.4309
24.2668
22.6910
25.8221
22.6026
22.7351
26.2282
22.6425
26.3022
23.7618
0.0000
21.7262
23.6175
23.6363
24.8616
22.0267
22.7752
23.2850
22.8200
25.3229
25.6843
23.9747
24.9660
0.0000
26.0456
21.8699
25.4915
23.4557
23.5097
24.1663
26.8220
21.2161
23.2391
22.3727
24.2137
24.0836
0.0000
21.9756
24.3115
21.3087
24.9368
23.1600
23.3250
24.6052
25.2571
22.8428
25.0895
26.6509
22.4145
0.0000
24.3633
23.3439
25.9322
22.8774
23.3262
23.7930
26.7467
22.6714
23.6075
24.8528
22.2341
23.1437
0.0000
27.3382
22.0379
25.0121
24.1614
21.6189
24.6077
24.8115
22.8454
22.7243
23.2623
24.7375
23.6740
0.0000
22.9354
22.8113
21.6989
26.1439
23.5839
23.8548
24.5059
24.2522
24.3337
25.0523
24.4048
21.8361
0.0000
21.8086
23.9868
25.3356
24.9590
25.1644
23.0746
24.9924
25.4040
22.4136
21.6826
25.0942
23.3552
0.0000
26.9052
24.8638
23.4221
23.8228
23.3241
23.3707
23.3620
24.6394
23.3615
24.0611
20.9329
25.8733
0.0000
24.1592
26.1837
25.2377
21.2328
24.4353
24.4026
23.3885
20.8712
23.5050
26.8719
23.5303
21.7165
0.0000
26.6143
21.2015
24.0384
23.5990
22.8094
22.4588
23.5829
24.1382
25.5786
20.9650
23.8356
24.0639
0.0000
22.3701
23.5352
25.3775
23.7245
24.2019
23.0815
21.3648
24.4343
21.5813
24.5525
23.4112
24.6509
0.0000
23.8127
24.1986
25.2505
24.0955
22.8502
23.3091
22.1126
23.4514
21.4547
21.3372
24.1116
24.4360
0.0000
22.3123
22.4491
22.2165
26.1964
26.7742
23.3587
21.8874
23.3041
22.3717
24.1285
23.1065
21.2908
0.0000
23.5351
24.4122
25.8640
22.8240
23.4453
21.6043
22.8132
23.4296
23.6269
21.7950
23.4798
21.8736
0.0000
23.7737
24.2932
21.9468
23.8579
23.4495
23.4106
21.7750
23.0412
26.5533
22.4095
22.2752
22.5026
0.0000
23.8877
22.2076
23.5650
25.0517
20.8190
24.4350
24.9851
21.2611
21.3639
25.0379
24.9435
22.4550
0.0000
24.1895
23.6868
23.3349
23.3262
26.3776
24.4129
23.4020
22.9027
21.6486
23.8562
21.7140
23.1610
0.0000
23.8213
23.9703
21.7589
24.6602
21.3376
22.7706
23.8341
23.2846
24.9603
24.4956
22.4578
23.7051
0.0000
22.3013
22.4264
23.8994
26.0021
22.6321
21.7429
25.5927
23.1681
23.8058
21.3834
22.6851
25.0161
0.0000
23.7244
22.2073
23.7986
21.8915
24.7703
22.8497
25.7641
25.8380
23.1248
23.0286
21.8352
22.3220
0.0000
24.3946
23.4402
22.5239
22.8579
22.4797
25.4967
22.2952
23.8784
24.2788
21.2482
23.8267
22.6171
0.0000
25.6939
23.7119
24.5581
25.2112
24.0220
22.9283
25.0779
21.9733
22.7593
21.2373
22.4149
22.4396
0.0000
25.3647
23.1988
22.0508
23.3555
22.4363
22.3193
21.8899
25.7820
23.5255
23.9450
22.0857
24.7485
0.0000
22.7128
21.7507
23.7087
23.1812
22.2124
21.0720
25.7525
24.0353
23.7462
24.3518
22.6355
24.4214
0.0000
26.4476
22.6050
22.4255
23.9473
21.7587
23.4264
22.9953
23.8643
23.0760
21.1721
25.2613
22.6367
0.0000
25.4617
22.2156
23.7442
23.4150
21.3406
26.6990
23.4808
24.6767
22.0938
25.2235
24.4844
20.5011
0.0000
25.4163
21.1542
22.7111
21.2622
24.3799
23.8644
25.3936
24.0067
25.2817
23.2612
25.1260
22.1997
0.0000
23.2048
21.4139
23.7627
22.7886
24.0784
24.3420
24.3378
23.6863
25.0089
24.5898
21.4885
23.1392
0.0000
22.2472
23.8577
24.5442
24.1897
21.7268
23.5373
25.1168
21.4119
22.5623
26.5484
24.4421
22.6537
0.0000
22.5713
25.2644
22.8978
21.6999
24.3167
23.7411
24.7547
25.5262
23.2386
22.9967
22.0205
23.1851
0.0000
22.1798
23.4017
22.6458
24.7061
23.1638
23.8930
22.9714
25.1366
22.6905
25.1932
23.7358
22.5110
0.0000
22.7232
22.7386
21.1176
24.8877
26.5079
25.5811
25.3547
25.2644
23.3800
22.8745
21.2616
23.6716
0.0000
24.2192
21.1805
23.1295
25.6719
22.3475
21.4425
23.6726
25.8291
21.3956
25.3817
25.1304
24.1043
0.0000
23.4252
23.9107
24.1941
24.7443
25.3982
21.2776
24.2920
24.2104
24.1340
21.0589
22.7922
22.7059
0.0000
23.8651
22.8594
24.2463
22.2002
22.9834
25.8561
23.2354
26.0779
23.1612
23.4117
23.3461
22.1193
0.0000
23.5156
25.7954
21.7121
22.7969
21.2221
22.1852
21.9555
25.5383
25.5917
23.1750
24.1964
24.5854
0.0000
23.3190
21.8869
22.4001
24.5833
24.1466
19.9097
24.7131
24.9420
23.1162
23.8983
25.8306
24.6118
0.0000
26.1260
23.5853
24.2320
22.4636
24.0079
25.7684
24.0259
21.0252
23.5826
22.7085
22.9690
23.8172
0.0000
23.0625
24.0178
24.2529
20.5811
24.5186
24.6628
23.4138
25.1582
23.5760
22.4681
24.7764
22.7547
0.0000
26.6299
23.0942
21.3096
20.7748
23.7676
23.6666
25.1979
25.0342
24.4719
22.4431
22.7549
24.4041
0.0000
23.5962
25.7026
21.8491
24.3792
22.2435
24.8745
25.6474
23.8733
23.8846
21.9387
21.5276
22.3950
0.0000
23.2921
22.6302
21.6645
21.9426
24.2866
23.5640
23.6637
21.9281
24.3228
25.1039
24.1284
25.0538
0.0000
21.5572
27.0497
25.3429
23.6416
21.1628
21.8899
23.2471
24.4585
23.4960
23.6226
21.5815
26.9611
0.0000
24.3445
25.1230
24.6634
20.9076
22.7061
23.7077
21.6369
22.4728
23.3793
23.2945
23.0582
24.8465
0.0000
21.8871
24.1819
23.1051
24.7728
24.3318
21.6714
23.6062
22.8819
24.3640
22.6005
23.5591
24.7510
0.0000
21.7154
22.1994
24.3140
21.9207
23.6016
20.6475
25.6071
22.9837
25.0997
23.1743
22.7867
26.6801
0.0000
20.9142
23.9925
22.7070
21.4540
25.9798
23.9185
24.0427
23.4749
21.5788
22.7812
23.6733
24.4548
0.0000
24.9143
22.5156
22.2623
22.5365
24.9226
23.8850
23.3820
19.1100
23.3897
24.0569
23.6877
23.6442
0.0000
26.9907
19.9946
24.4854
19.0692
23.1815
23.6206
23.8757
24.3560
23.8376
20.7155
25.6001
21.8775
0.0000
22.0382
24.1792
22.7401
22.1919
21.3899
24.4100
25.1971
25.2649
19.7817
21.9779
24.8137
24.8477
0.0000
21.1842
22.4631
24.1711
21.9688
21.5177
23.1760
24.6756
23.3243
25.5368
24.3721
23.0656
23.1300
0.0000
23.9640
24.6518
23.8142
20.3005
24.1274
21.5179
22.5442
24.8256
22.0441
23.6599
25.0223
22.7145
0.0000
20.7568
26.0503
22.4993
22.6529
21.8433
22.7275
23.1839
23.2512
25.3427
23.0014
24.4319
22.4058
0.0000
22.0677
22.1203
21.0588
27.4290
22.6293
21.9387
24.2808
22.5985
23.2731
21.8930
23.7091
23.3813
0.0000
21.4584
21.9174
22.7131
21.8610
23.4166
24.6749
25.8683
21.4858
22.1329
22.6279
23.0671
25.8599
0.0000
22.6820
23.1067
21.7589
21.8288
24.7381
21.5940
25.8770
25.0674
22.9695
25.0516
20.6542
23.0582
0.0000
21.2098
22.0378
20.2212
22.5797
22.5923
23.1928
26.2096
21.1551
26.0405
23.6101
25.0766
24.4731
0.0000
23.0368
24.7634
22.1870
23.4785
23.0273
20.8261
24.5193
21.3332
23.2058
23.9382
23.4935
22.9804
0.0000
19.7163
24.1719
24.4430
21.4894
24.4108
24.5208
25.2011
23.9565
22.5919
22.4550
23.4271
22.4009
0.0000
22.7834
22.6911
22.5994
23.7591
21.7876
23.6709
24.2324
21.9284
26.0123
24.8006
21.7815
21.2879
0.0000
22.4645
22.9764
20.9963
23.8406
24.1491
24.0151
21.1583
25.2581
22.2969
24.1326
23.0897
22.4457
0.0000
20.2894
22.9034
24.7779
22.8781
23.5005
21.0779
23.1808
22.6316
22.5781
25.1963
24.5734
21.6795
0.0000
21.6714
22.3409
24.4357
22.3884
24.4757
21.4476
21.6482
23.6606
22.6075
20.5278
24.0970
24.8118
0.0000
23.0317
22.2569
21.5033
21.5434
20.9059
22.8750
24.1486
22.8358
22.0893
24.3633
24.6902
23.4630
0.0000
23.1980
22.5377
23.8641
22.1837
22.1288
21.7073
24.0263
20.8670
21.6714
22.3362
25.6160
22.8464
0.0000
23.9043
21.1698
23.1982
22.3170
20.6187
25.5356
24.3291
21.7337
23.0861
21.9953
23.8972
23.4733
0.0000
22.5363
21.1126
22.5906
23.1528
22.0139
22.1809
22.3494
22.3897
24.0471
23.1054
23.2839
23.4192
0.0000
20.9906
22.5647
22.7502
23.2895
23.1396
21.3836
21.5520
21.8400
25.0318
21.6763
22.7086
24.6913
0.0000
20.7597
21.3393
21.9891
22.3312
21.3556
24.2056
24.9277
23.5161
23.4387
22.5672
23.9858
23.1524
0.0000
21.7692
25.0265
20.7932
22.1174
23.4025
22.7894
23.0690
23.8177
21.5574
24.8611
22.5438
19.4641
0.0000
24.5517
22.3503
22.4312
23.7671
22.8628
21.0618
22.3334
20.8047
20.9212
23.9573
22.5748
22.2637
0.0000
25.2305
24.9949
23.3262
20.9747
22.7548
21.1847
22.4553
21.0965
20.4629
23.6279
22.6489
23.3079
0.0000
23.0239
22.8696
21.3685
22.5548
21.9207
23.8996
22.4671
22.7567
22.8627
23.5435
24.5895
19.1005
0.0000
25.3445
25.0441
21.9643
22.1255
22.1205
22.5698
22.6124
22.2140
21.7225
23.3735
22.3885
21.2714
0.0000
24.4640
21.5485
22.0354
22.1880
23.9082
22.7767
26.1331
22.1290
21.3421
22.5760
23.6001
19.6567
0.0000
25.1048
24.1114
22.0840
22.2124
19.3123
22.7673
23.2749
22.3793
24.5111
20.0512
21.4956
23.4551
0.0000
21.2337
24.1536
24.2220
23.3496
23.0132
22.1619
22.1214
23.1091
22.1534
24.1629
21.8027
20.2658
0.0000
22.5300
22.3937
22.4185
24.5970
23.9209
22.3332
22.1070
22.3082
23.5454
21.2289
22.9351
22.1222
0.0000
22.3950
20.8482
24.2376
20.4950
20.2717
23.0221
23.8668
27.0765
21.2523
25.1260
22.0059
23.2841
0.0000
22.3512
23.1956
20.2364
23.3187
22.7885
22.8053
22.6441
22.2249
21.7812
24.3083
22.4837
23.4288
0.0000
20.9368
21.9058
24.1734
22.0192
20.2692
25.0849
23.0950
22.9615
24.0317
21.9656
22.1335
23.5026
0.0000
20.8251
24.3284
21.2593
20.6465
21.0404
24.0144
21.8093
24.0417
23.1235
22.9094
23.7400
23.9971
0.0000
22.4878
22.9360
22.9304
21.3839
20.1218
23.6639
22.0883
22.2955
23.4424
23.4558
20.8829
25.2903
0.0000
22.4643
24.2764
23.7805
22.0701
22.1231
22.8096
21.9261
23.9521
20.7767
20.5430
24.1766
22.1783
0.0000
20.0283
22.3409
22.3675
22.9504
22.5308
22.0341
24.2584
21.8735
22.8918
23.5422
21.8776
23.3517
0.0000
24.2951
23.6534
22.3594
21.3158
22.4029
21.2962
24.5804
20.9428
22.1894
23.3647
20.9265
21.3819
0.0000
20.1356
21.1420
24.2019
23.4144
24.1399
23.9680
22.5683
24.6951
24.5649
19.1098
21.8510
20.3162
0.0000
23.0832
19.9572
23.0727
23.1868
22.0125
22.5575
21.2750
22.4971
23.8858
22.5233
20.9947
22.4111
0.0000
22.2421
22.5365
22.5310
23.0073
23.8810
21.9361
20.5593
22.6442
22.6168
21.9615
20.8371
23.8201
0.0000
20.4478
22.9621
22.1183
21.3036
22.3805
22.3445
22.1750
22.3313
25.2608
22.7543
22.5661
22.2313
0.0000
21.5296
21.8670
22.6299
22.7498
22.0350
20.8776
24.2502
22.2839
24.5357
21.3010
22.4923
21.8668
0.0000
22.6248
22.6352
20.4513
22.9944
22.6411
20.7695
23.0137
23.7902
23.7840
21.8653
19.9810
24.3410
0.0000
23.4360
21.6498
22.1743
22.8856
21.3438
23.5340
21.3018
23.1536
22.3993
21.9484
23.9077
20.0801
0.0000
23.6425
23.6716
22.4644
23.1479
21.6784
22.5046
21.3778
21.8726
20.6595
22.1863
22.5233
23.9995
0.0000
21.6054
22.3272
20.5218
21.1315
23.2219
20.5312
24.6058
25.2615
22.1631
23.9420
22.2315
22.6520
0.0000
22.6311
20.2592
22.8527
20.2649
24.6086
22.9373
21.4296
21.0135
20.1889
23.0823
22.5757
25.5845
0.0000
22.7305
22.6099
21.6030
21.7036
23.0242
22.1808
22.8564
23.1467
23.2326
20.0729
22.4132
21.1712
0.0000
21.9636
23.6334
20.6910
23.2572
22.7952
20.8496
22.9326
20.2224
20.2613
23.5052
20.5832
23.3708
0.0000
21.7491
20.8160
23.4948
21.8321
22.3373
22.5837
22.6262
20.4830
21.9806
22.2595
24.2318
21.3651
0.0000
18.9761
22.6147
22.6396
22.6050
21.0266
21.7445
20.3886
21.7486
25.1634
21.8426
23.7222
23.9898
0.0000
21.0849
22.8185
21.3570
21.6747
25.3102
23.3316
20.2394
23.6538
19.4310
22.3820
22.6034
22.1162
0.0000
22.7256
21.6207
19.7457
19.2892
23.2612
21.0021
22.4803
22.9363
23.6582
23.4747
23.3386
22.7906
0.0000
22.9906
20.5047
21.8425
21.3078
21.8966
21.5779
22.0916
22.7354
20.4315
21.6449
22.9700
23.1895
0.0000
24.1888
23.2269
22.0844
20.5289
22.6970
21.4761
22.5396
21.8897
22.1606
20.5333
21.8142
21.2447
0.0000
19.9389
22.4407
22.4614
25.5442
19.6558
19.8100
22.0776
20.7439
21.7334
22.4932
21.7739
24.6422
0.0000
20.7696
20.5767
23.3552
20.9337
21.3538
23.1364
23.2803
20.6583
23.4328
21.4777
22.1589
22.0935
0.0000
21.6462
22.2141
21.4491
23.3750
22.8105
19.9184
20.8225
21.2139
22.3309
20.7865
23.1692
25.3120
0.0000
22.3300
20.8444
23.3232
21.2384
22.6919
21.2282
20.4106
24.6855
20.9086
21.1098
24.5224
21.7001
0.0000
20.9323
22.3987
20.7769
22.0498
22.4268
23.0732
20.3251
19.2371
21.6117
26.0718
22.1820
22.6310
0.0000
24.0728
21.1539
24.0557
20.2109
23.6588
23.7011
24.1681
20.5809
22.9583
20.5836
22.0599
20.3234
0.0000
21.4805
20.4756
22.5378
20.9685
23.0496
23.6183
20.6048
22.3553
22.9202
21.0352
24.0737
22.3543
0.0000
21.2401
19.7638
22.4640
23.2009
21.0426
21.6499
22.9124
22.5283
21.7610
22.1745
22.0990
24.2961
0.0000
21.9858
25.6696
22.1822
21.6742
22.1863
21.3210
20.2479
20.3224
22.1572
22.7920
22.6483
22.2902
0.0000
22.6021
20.2521
22.7075
20.2502
21.6077
25.6326
22.7542
20.6305
22.9128
22.3067
21.6858
22.4316
0.0000
22.4700
18.9622
23.7707
22.6233
22.8003
22.2250
21.7659
21.0511
22.1185
22.3529
22.5173
22.4318
0.0000
19.9373
20.7076
23.1292
23.3254
21.1359
24.0953
20.6229
23.8319
20.5064
22.2344
21.7869
23.6599
0.0000
22.7678
23.0930
23.4105
21.4062
23.4191
20.9382
22.8368
21.0912
22.1113
22.2575
21.8277
20.1083
0.0000
20.4728
23.8816
22.9167
21.4098
23.2542
22.0240
21.0396
23.7906
20.2532
22.1892
20.1270
22.9312
0.0000
24.6146
22.9236
23.1850
21.7733
20.4032
23.6552
21.5040
22.4856
21.1307
20.4324
20.5296
20.2584
0.0000
20.2102
22.0192
21.0330
23.4801
23.9861
19.7244
22.8455
21.4380
21.3838
21.5074
22.5149
21.8269
0.0000
20.9006
19.0379
22.9691
23.6583
21.3709
21.8274
21.7769
21.3778
21.9438
20.9764
22.5000
22.7905
0.0000
21.6404
23.2384
22.9012
22.9690
23.3279
20.5912
21.0900
20.6007
21.9731
21.5298
20.7636
20.3477
0.0000
22.3417
22.3757
23.0523
21.6945
21.4998
22.1902
21.0618
19.1136
21.5533
21.7434
22.8765
21.6440
0.0000
20.9411
19.4685
20.9020
23.5213
20.6982
20.8484
20.8045
24.0222
22.1478
21.2467
24.2521
22.5459
0.0000
22.7671
21.9110
21.2002
20.9910
21.1983
21.9320
21.6815
23.0437
21.9481
19.6635
21.3647
21.3148
0.0000
19.9023
21.3411
22.7158
21.0975
20.4303
24.2508
20.9460
19.3795
21.9115
23.4834
21.6451
21.1620
0.0000
21.6423
21.9804
20.9630
21.1122
19.4759
22.2063
21.0940
22.1072
22.1865
21.8543
19.8413
23.5439
0.0000
22.7272
19.9130
21.9759
22.7656
21.7126
23.3770
20.8909
19.8828
20.5138
22.4475
20.0614
21.9752
0.0000
21.7642
21.3587
23.7503
19.7845
19.9270
21.1340
20.9197
21.9837
23.8092
22.8223
20.5800
19.8897
0.0000
19.1653
20.5639
23.1687
21.2026
22.2739
22.1733
20.0788
21.9418
20.6371
21.9978
22.5483
22.2732
0.0000
20.4338
22.2221
21.1812
21.7869
20.2782
20.7294
23.4677
19.5728
22.1318
18.7592
20.6866
24.8017
0.0000
21.4206
20.0597
22.0885
21.8879
22.2405
22.0464
21.2928
21.9625
20.1955
23.1726
20.5247
20.3058
0.0000
24.0338
20.1608
20.2087
19.6737
21.6293
23.8553
20.1117
19.8814
19.5143
22.4116
22.3107
24.0386
0.0000
23.4415
21.1219
24.3694
20.9640
21.2654
25.1854
20.9962
20.0522
19.4203
21.2604
19.5315
21.4794
0.0000
21.1106
20.4311
20.8268
20.2243
22.7512
20.4882
20.4935
22.0784
22.2695
20.9820
20.8331
23.0275
0.0000
20.1451
22.1080
25.9652
21.8542
23.0186
19.0172
20.4307
18.4454
22.9194
20.5219
20.0651
22.8936
0.0000
19.8538
21.5635
22.2211
22.2195
19.4910
20.5096
21.9338
20.0942
20.8007
23.3629
21.0040
21.0987
0.0000
21.9390
23.9969
20.8996
20.7469
20.2654
20.2936
19.9650
21.1736
20.2577
21.2310
24.2480
19.1757
0.0000
19.7100
22.1166
19.9771
18.4734
24.4664
20.5500
21.5586
22.5756
20.0107
21.1500
20.9589
22.2217
0.0000
20.7469
20.0244
21.1178
20.4474
19.9328
19.9226
20.7526
20.2052
24.5357
24.0081
20.9555
20.5450
0.0000
21.8328
19.7973
22.2863
22.3821
21.6055
19.6028
20.9512
23.2467
18.3028
19.3419
21.6802
23.3663
0.0000
20.8920
21.4966
19.9697
21.8958
21.3793
21.6650
21.3046
19.1388
22.8627
21.0431
21.5334
20.9571
0.0000
21.2978
19.8771
18.9678
20.0429
22.1258
25.1332
21.2925
19.5781
22.0425
21.8506
21.5534
21.4238
0.0000
18.4335
21.4303
21.4704
21.3177
21.6111
19.7969
21.6423
22.3784
22.2729
22.2422
21.8188
22.3462
0.0000
20.3546
19.4837
21.1436
19.9431
23.8858
21.7602
21.3526
22.1101
19.8371
20.0912
20.8554
22.7510
0.0000
19.9026
20.1735
23.6452
21.6738
21.2344
22.5474
21.5337
23.8644
19.8897
18.9192
21.0199
20.9312
0.0000
21.6381
21.4190
23.6819
19.9106
21.9053
21.5680
19.9000
20.1425
22.2144
19.1739
21.7981
23.1763
0.0000
19.8293
21.9084
21.7131
20.9815
21.7793
20.8603
20.6136
22.4023
21.8041
21.3510
20.1041
22.8040
0.0000
23.7211
19.3452
19.9433
21.8369
21.6035
20.7573
22.1067
22.9108
20.1425
20.4494
21.6228
20.9022
0.0000
20.2270
20.6538
19.1101
20.0639
21.9449
21.6115
22.1126
20.1581
24.4334
21.4259
20.7611
20.6903
0.0000
21.4795
22.5409
20.5883
21.9743
21.8328
19.8944
20.8822
20.7517
21.3656
21.5365
20.8490
20.5704
0.0000
22.4653
20.1422
20.9541
20.3800
21.5867
21.7375
18.9282
20.3928
21.6807
20.1999
22.1436
22.8264
0.0000
21.7878
21.0115
22.2573
22.1860
18.6493
19.7475
22.9187
19.2364
22.5910
21.1241
21.2308
21.9060
0.0000
22.5048
18.1371
21.5037
22.0724
20.9240
20.6103
20.4995
23.2044
20.5940
21.4788
20.5583
21.0601
0.0000
23.5425
23.1260
19.4085
19.8295
20.2512
21.7119
20.1723
20.6757
22.3318
22.6351
20.5245
19.4017
0.0000
22.4293
24.1659
20.2368
22.5345
20.4089
19.4908
19.9272
21.3798
21.0092
21.9712
21.1680
19.0910
0.0000
20.9649
21.1416
21.0241
22.1218
20.8956
20.5571
20.4517
20.5743
21.1959
20.5091
23.7062
18.5815
0.0000
21.9216
22.0689
20.2665
19.7523
22.3708
20.6482
23.2938
20.1425
21.2325
18.1307
21.3916
21.2216
0.0000
20.1809
19.8974
22.1101
22.3447
20.4070
18.9314
21.8511
21.3036
21.9463
20.1503
20.9789
21.6489
0.0000
20.1952
20.1555
20.8916
20.4773
21.0332
17.3893
21.1034
22.8788
22.0754
19.4555
22.0845
21.6526
0.0000
20.4296
17.7688
19.4657
20.2976
20.8591
21.0010
20.4041
20.0968
23.5471
22.2820
21.5435
21.3988
0.0000
21.9554
22.9965
19.4658
18.4977
20.3901
20.1982
20.4112
20.7959
19.7022
21.5085
20.7157
23.5740
0.0000
21.8430
20.5320
22.3572
22.0211
20.7478
19.2540
19.1889
18.6236
20.9772
19.8657
21.1183
21.5723
0.0000
18.6896
20.9784
20.0426
20.0656
20.8053
21.0647
20.3146
20.4392
22.7422
20.9976
22.3279
19.8393
0.0000
21.1052
23.7199
19.9519
19.0218
19.1202
23.4355
19.9453
22.8261
19.2213
20.3472
19.9046
19.3465
0.0000
19.8446
19.0431
20.6788
21.3789
19.8916
18.5020
20.9870
21.0885
21.6965
21.7351
21.7508
21.3022
0.0000
19.0182
21.8785
20.1571
22.2883
20.8115
21.4460
22.0151
20.3510
22.9352
19.8022
17.5150
19.6754
0.0000
20.2937
21.3623
23.4341
19.9164
21.4116
20.0031
20.2595
20.7550
19.1974
20.2464
21.1123
19.6350
0.0000
18.6560
20.5046
20.4717
20.8094
23.1240
21.5669
19.4492
21.9725
20.1925
20.2993
21.0178
19.8769
0.0000
19.9839
19.7170
21.7738
19.0276
20.4195
20.7572
19.0703
18.8706
22.1877
22.0861
20.1598
21.6194
0.0000
20.4019
20.2435
19.0636
20.0205
19.2702
19.5273
20.5351
23.4303
19.1850
22.9798
21.5574
21.5464
0.0000
20.6008
19.9661
21.7748
19.5669
20.9091
23.1299
19.5777
22.6376
18.8911
19.8771
19.7757
20.8415
0.0000
19.1833
20.6465
21.6840
19.4590
19.7652
21.6788
20.3070
19.5602
21.2083
19.6035
21.9864
19.6150
0.0000
20.8341
22.5918
21.4985
23.0254
21.1404
19.3155
18.7868
20.3995
19.2875
18.1467
20.6029
18.9881
0.0000
21.2979
22.2301
19.7559
21.2048
17.8203
21.3250
19.3941
18.3601
20.8471
22.0476
22.1235
20.1449
0.0000
23.1317
18.0562
19.5389
21.1450
21.0464
21.5859
20.6295
21.5505
19.1783
19.6019
21.4790
20.0443
0.0000
20.3007
21.2391
22.2427
21.2615
18.7702
17.2353
22.6119
19.9692
20.2443
20.6262
21.2124
19.6497
0.0000
20.6836
19.8953
19.3208
22.2594
23.1552
21.6084
20.4524
19.8951
19.8916
18.2732
20.2721
19.7687
0.0000
20.5708
20.2526
21.7778
18.8396
19.1290
21.8189
21.1047
20.9641
19.9714
19.9792
18.9347
20.5908
0.0000
21.2038
20.7317
19.8556
20.4361
21.0840
17.9176
22.3163
20.2417
20.4577
20.0052
20.1577
20.2370
0.0000
21.3698
18.3466
21.7566
20.5019
20.8606
20.3353
20.9780
20.6070
21.1628
17.8705
20.2772
19.8545
0.0000
19.0868
18.0503
18.7125
21.4060
20.7808
20.8669
22.5713
20.9446
20.2260
20.0878
20.2649
19.9176
0.0000
20.4939
19.2760
19.8945
19.3918
19.7647
19.8000
18.4237
20.3651
20.4115
19.1982
22.4297
22.3178
0.0000
19.7064
20.8953
19.2416
21.0664
21.6270
19.6771
21.4385
17.8281
19.8329
20.2673
20.2262
20.5818
0.0000
20.4377
19.4451
19.0431
19.1546
20.9878
19.1548
19.2705
21.7349
22.2540
20.5007
20.3291
20.0698
0.0000
19.2896
19.1645
19.7862
18.4403
20.0228
19.6054
21.0298
20.7798
20.9568
20.5798
20.4373
20.6316
0.0000
19.3700
19.7108
21.3854
20.6362
20.2900
19.3632
19.7019
20.2748
18.4056
21.6649
20.2856
19.3326
0.0000
20.4758
18.1271
20.8819
19.6537
21.4745
20.8693
20.7434
19.6955
20.5520
18.4995
18.6041
20.2079
0.0000
20.3125
18.6171
19.5369
20.3364
19.5401
19.4124
19.6952
20.0909
22.2162
20.1940
17.8279
18.8633
0.0000
19.1304
21.2094
18.1716
18.1527
21.0352
18.7792
18.9548
21.4298
20.7546
22.6788
18.7174
20.5767
0.0000
19.5211
19.9058
19.9829
17.7088
21.0347
21.2979
19.6236
19.1624
19.3433
21.4886
18.5092
20.4221
0.0000
18.6150
18.9217
20.4658
19.1832
19.9712
20.5040
20.9204
19.3397
20.0913
19.4860
19.2910
18.8148
0.0000
19.1753
19.4828
20.0625
20.7431
21.6641
19.2124
19.3232
18.9506
19.5182
18.4809
18.7612
20.7625
0.0000
20.7592
18.2077
18.5177
18.2705
20.1768
17.1808
20.0403
19.0085
19.6560
20.4614
21.3012
20.7122
0.0000
19.9060
18.5050
17.8931
19.8086
18.1484
20.1453
19.7262
21.5338
19.8502
19.5230
21.1951
18.4754
0.0000
18.4796
19.7115
20.1309
17.8311
19.2363
18.2696
19.5329
23.9143
18.5408
19.7875
18.3116
19.2320
0.0000
18.7251
20.4764
19.5551
18.8014
19.7410
17.3385
20.6416
18.5889
21.5320
19.2559
18.7136
19.3180
0.0000
20.1191
21.7579
18.5379
17.6425
19.5526
20.0131
18.6925
19.0627
18.4090
19.8320
19.9822
18.8323
0.0000
19.5455
18.7964
17.5496
17.5650
19.1587
16.7320
19.9324
20.6076
21.5670
20.8504
20.5303
20.6787
0.0000
20.5507
18.4910
19.2103
16.3618
21.0822
18.6797
18.8558
17.9594
20.6136
20.4705
18.6299
20.5259
0.0000
19.5657
18.1099
20.1972
20.0159
17.7941
18.0378
18.4349
17.2822
20.5620
21.2734
19.2618
19.6077
0.0000
17.7212
19.5459
20.0502
19.9067
17.6268
19.8767
18.4412
18.1976
20.9158
19.2360
18.6614
21.2063
0.0000
18.7688
18.7878
18.6781
18.4631
18.7299
18.8740
20.7581
19.3858
19.2651
19.3120
19.1295
19.3220
0.0000
20.7964
21.4307
19.6036
18.4036
20.1267
18.0977
18.5412
17.2530
19.9075
18.9344
16.4355
19.0722
0.0000
19.1732
19.8827
19.0889
17.0263
19.5461
18.6970
18.2717
19.6416
19.5873
19.6919
19.8479
19.0457
0.0000
19.9410
19.3865
18.6497
17.4007
17.3495
18.9204
19.1978
21.0938
18.7370
19.3442
18.8813
19.2216
0.0000
18.9510
18.0999
18.4684
21.0219
17.5048
18.0359
19.8518
18.5438
20.7768
19.8762
20.6146
17.4766
0.0000
20.1579
20.1409
18.2864
19.0760
17.0931
18.8861
19.2639
21.2535
20.3008
21.2541
18.1976
18.6807
0.0000
21.2139
21.5781
20.2740
19.7664
17.3087
17.7794
18.5034
18.9427
19.3790
19.0956
19.1177
19.2304
0.0000
19.3476
20.4365
20.1076
19.1032
19.9490
18.8045
19.1394
18.2346
17.9282
19.3841
19.3475
21.1691
0.0000
18.8056
19.0731
18.9909
20.3450
20.9561
17.7677
17.3222
20.0037
18.4007
18.7959
20.7001
19.3764
0.0000
19.8192
17.1278
18.0212
19.9311
18.9581
20.3533
19.4154
19.2945
18.3069
19.9745
20.4299
17.4039
0.0000
18.3542
20.3728
20.9839
20.5310
18.7441
17.5287
17.7868
18.6465
17.5329
19.3575
22.9935
19.0966
0.0000
20.2225
18.5893
20.8351
18.4795
17.5247
17.8440
17.9879
18.7772
20.5012
21.2119
18.4699
18.2819
0.0000
18.8772
18.6626
20.8502
18.3971
17.5563
18.0539
18.6851
18.2229
18.9792
20.0010
20.2222
20.1599
0.0000
19.2617
17.1176
20.0638
17.8946
19.1618
18.7254
19.5359
18.2127
19.0173
21.0930
17.6310
20.6637
0.0000
18.9644
19.0293
19.5740
16.7375
20.5040
19.5349
19.7292
18.0466
20.1479
17.9722
19.5404
19.0050
0.0000
18.6072
19.7463
17.3336
20.4087
19.3494
18.1460
18.6631
19.6384
19.3075
17.6824
19.8472
19.7441
0.0000
20.7147
18.5554
18.8097
18.8254
18.5341
20.1716
19.1454
18.0166
18.2243
17.8323
19.0682
20.8646
0.0000
19.1897
19.8934
18.6648
19.1526
16.7674
18.0420
18.6647
20.6238
18.9327
19.9425
20.3377
19.2753
0.0000
18.8738
18.9659
19.0243
17.5283
20.3867
19.6274
16.6733
19.9105
20.4826
19.7275
19.6464
17.9890
0.0000
19.1522
18.9800
20.3165
19.5561
17.3295
17.9359
20.0612
18.2460
19.4730
19.0075
19.5791
19.3840
0.0000
17.1064
18.1982
20.9267
19.1575
18.0618
18.3714
17.7530
19.5730
18.6584
21.5410
19.4017
19.0260
0.0000
19.0887
18.1136
17.1818
20.9119
21.0401
21.6296
17.2543
19.3231
20.7021
19.3606
17.3976
19.6418
0.0000
19.0696
19.0567
18.5582
19.5833
17.8363
19.1238
19.5361
18.7339
19.8870
20.6791
17.4792
19.1974
0.0000
17.9646
18.9873
18.5142
18.5907
19.5717
18.9639
18.8776
20.2767
19.2899
20.0059
19.0234
19.7252
0.0000
18.4631
18.5642
18.9899
18.8668
19.0790
21.0161
18.3409
18.0511
19.9497
18.1987
19.6373
19.1198
0.0000
20.4355
20.0479
18.9506
19.8695
17.7358
18.5291
18.6598
18.4300
18.2999
19.2486
18.4774
19.2091
0.0000
19.5652
19.5995
16.6748
20.6749
18.9607
20.0856
17.9111
17.5025
18.5788
18.4035
18.9894
20.1669
0.0000
16.5275
16.7147
20.9015
20.0637
20.2403
19.0421
19.4669
20.9360
19.3272
16.8908
20.7639
19.1323
0.0000
18.0774
20.2455
18.5848
18.7746
18.2354
18.5156
18.7000
20.7644
20.6784
17.6023
19.4507
18.8752
0.0000
18.7933
16.8376
19.0358
18.7447
19.4932
19.6967
19.9936
19.5378
19.1673
19.1452
18.7692
18.2768
0.0000
20.9711
18.4640
18.7589
18.4587
18.2219
17.7379
20.1073
17.9552
20.0354
18.7910
19.9167
17.6180
0.0000
18.7905
19.4280
17.6996
18.2755
18.0959
20.2064
18.5089
17.8323
18.9242
19.2397
19.3851
19.5474
0.0000
18.1448
18.7229
18.0774
20.0838
19.4526
18.9435
19.8445
18.3731
17.8223
18.3897
19.8633
17.7063
0.0000
17.6740
19.0649
18.3529
17.6096
19.2916
18.0381
19.2446
19.5166
18.9971
18.6457
16.8623
20.0665
0.0000
18.3811
18.4693
19.0090
18.0710
19.9283
17.8016
17.7815
17.2723
20.4442
17.8216
19.7776
19.5891
0.0000
20.9562
18.1764
17.2434
20.0347
17.3955
18.7046
18.1292
21.7385
20.9101
17.6990
17.8601
18.2957
0.0000
21.2396
18.0317
18.3099
19.5650
18.2387
17.8251
16.5480
18.4777
19.3786
18.2361
20.1289
19.6765
0.0000
17.0221
17.6360
18.6798
19.5587
19.8670
18.9084
18.7582
19.1310
19.1890
18.8272
18.2465
17.7365
0.0000
18.7522
20.7536
19.4912
16.1955
17.8078
18.9238
18.4226
18.1499
19.6994
19.3534
18.7986
19.5361
0.0000
17.0703
21.3471
18.2625
19.1010
16.2020
19.8849
20.0960
19.0365
20.0548
18.7921
19.7395
17.6921
0.0000
19.4512
18.7257
17.1602
17.3934
19.4727
18.7856
20.8901
19.1361
16.8780
18.6858
19.5388
20.1910
0.0000
20.4496
17.8433
18.7714
20.4654
19.0303
20.1949
16.6606
19.3805
17.1133
17.5478
19.5288
19.5933
0.0000
17.9429
17.4940
18.7471
18.9906
17.8181
18.5788
20.4078
17.7833
17.9144
22.5603
17.7761
19.0071
0.0000
20.1682
19.2119
16.9476
19.1431
18.0580
17.1923
18.9839
19.4010
20.9166
18.3709
17.6273
17.3104
0.0000
17.4632
20.2445
18.7060
18.5993
20.4549
19.9013
17.0439
18.7673
17.3396
16.6816
20.8783
19.3450
0.0000
18.7290
18.1657
19.3853
19.0143
18.7647
17.2911
18.1058
16.9821
19.5674
22.1390
18.0798
19.3413
0.0000
19.2051
16.7788
19.7274
18.4149
17.6922
21.1335
18.6748
17.8906
18.6373
20.2078
17.1300
18.3793
0.0000
18.7983
15.5764
18.7721
19.1393
18.8185
19.8058
18.8493
17.3653
20.3276
21.0388
18.0047
17.9981
0.0000
19.2302
18.8383
17.3755
18.2306
18.5452
16.9429
16.8842
19.8812
19.4705
22.6406
17.8995
17.7822
0.0000
19.2798
17.6063
17.0379
18.5553
18.7781
20.5058
20.0913
17.3695
18.4034
19.4509
17.1432
20.2051
0.0000
20.8043
20.2942
17.6411
18.4733
20.4670
18.6418
16.5478
18.0848
17.6628
18.2962
18.3859
18.8233
0.0000
19.6817
18.2864
17.5732
18.1911
19.0406
20.0789
19.4880
19.0846
18.3016
19.8619
17.2909
18.1131
0.0000
17.5211
19.1272
17.1131
17.2996
18.0784
20.0414
16.5238
21.1432
19.5820
17.1993
22.4461
18.7897
0.0000
17.3794
19.1904
19.2150
16.8564
19.3958
16.5992
19.2637
19.3848
18.3558
20.3452
20.2487
18.3942
0.0000
18.5450
17.2605
18.8584
18.7918
19.5999
17.4347
20.1230
21.9935
17.2043
19.7305
19.9231
17.0142
0.0000
18.2687
20.4297
16.7638
20.8845
20.1627
16.2310
17.3961
19.8800
18.3554
19.6489
20.6855
18.8710
0.0000
19.0686
19.0845
19.4314
20.4824
21.1165
17.1243
19.7358
19.0209
17.7225
17.1603
19.3935
17.5009
0.0000
18.7995
19.7769
17.4272
18.5152
18.6894
20.3548
17.5241
19.0863
17.5452
19.5574
19.6047
20.1064
0.0000
16.7231
18.9864
17.6215
21.0799
21.0809
19.7329
17.3369
18.0017
19.6960
18.8821
20.0670
19.1797
0.0000
18.5351
20.8399
19.2415
18.7200
18.1889
17.2274
18.0507
19.2029
21.7177
19.0918
17.5547
17.5830
0.0000
18.8081
18.0417
17.8642
19.4253
18.7906
17.5212
20.6610
19.5474
18.3094
19.1822
20.0801
17.2495
0.0000
17.9413
17.8466
19.6694
17.1229
18.8562
17.4778
18.0253
16.9265
18.9719
19.0284
22.5737
20.0665
0.0000
18.2397
19.0217
18.4846
19.4919
16.9924
17.6758
18.9543
17.7942
17.7794
18.4434
20.4137
20.3351
0.0000
18.6349
19.2910
20.2864
18.2616
19.3496
19.2659
18.6500
18.7089
17.0643
18.2711
18.3298
19.3036
0.0000
18.4450
20.4362
19.1631
17.9840
18.2147
17.6957
17.6691
17.6098
20.6827
17.4419
18.7141
19.7280
0.0000
18.7986
18.6319
17.7682
18.5377
18.3189
18.1439
17.7670
18.2550
18.2841
22.2630
17.6020
20.4603
0.0000
16.6921
19.4980
19.7063
19.2136
18.6132
20.2787
18.9091
17.6922
19.1856
16.8053
16.6241
21.1343
0.0000
19.5109
19.6580
19.3467
20.1633
17.9031
17.4508
17.5569
19.5098
19.0981
19.5200
16.5179
17.1960
0.0000
19.0024
19.2152
17.9091
16.6514
19.2114
18.5099
17.2213
18.8240
16.7747
17.8580
19.8750
22.0922
0.0000
19.3457
18.4634
19.8717
17.0551
18.5221
18.7103
17.7952
21.3589
18.1918
20.1959
17.6592
17.0364
0.0000
18.9429
17.7024
19.5999
19.1565
19.3579
19.3232
17.6786
18.0116
17.4035
18.2050
18.1957
19.8506
0.0000
19.8237
17.5288
19.6977
20.4365
15.5086
17.8750
20.8814
19.0652
20.6139
17.9522
17.9925
16.1290
0.0000
19.5920
18.9533
19.9614
19.0269
19.0828
17.3008
18.3267
16.7697
19.9085
17.7530
19.3687
18.0798
0.0000
16.8752
17.3822
18.6155
20.4834
17.4207
16.5455
19.1951
20.1372
20.2289
19.6650
17.6804
19.5483
0.0000
18.4111
19.3926
21.4030
16.0395
20.3906
18.8462
16.5082
18.1214
16.4688
18.0376
20.0238
17.8897
0.0000
17.6200
18.9899
17.6733
17.1740
17.8499
18.9075
18.9489
18.5207
19.1685
18.1044
18.3767
18.6392
0.0000
18.2731
19.2036
19.0469
16.9684
18.8123
17.2185
20.1915
16.6448
18.5221
18.8675
18.0536
19.5752
0.0000
18.8269
19.6972
17.0788
17.8291
17.6733
17.6469
18.4792
18.2334
17.4928
17.3363
19.9164
19.7358
0.0000
17.2567
17.0914
17.5466
17.1326
19.0962
18.4615
19.7252
18.0443
17.3065
19.4937
18.0445
20.2706
0.0000
16.8778
18.7162
18.9766
20.2936
19.7954
17.4944
17.2346
19.5117
17.9090
17.9891
18.7591
17.4832
0.0000
21.1294
17.7950
16.5804
18.9482
17.0883
17.8696
19.0720
18.3123
18.3952
18.5582
16.4468
20.0387
0.0000
20.6258
18.1293
18.0888
18.7805
18.6987
15.0099
17.4195
18.0023
16.6827
20.1812
17.9709
17.7514
0.0000
19.9992
18.5518
16.8025
17.7659
17.1616
18.3604
19.2471
19.8343
18.2892
17.5684
17.3456
18.2147
0.0000
16.6231
18.9092
18.1880
16.8855
18.8036
16.5664
18.2554
20.6422
17.3839
18.4332
18.7486
18.7404
0.0000
16.8710
17.7156
17.5897
17.2102
20.2666
17.2488
17.3570
17.6371
18.8506
17.9775
18.5536
19.4143
0.0000
17.9784
17.5399
17.6375
17.2446
17.5421
15.8700
21.4431
18.9650
18.9399
17.1269
18.5197
17.7537
0.0000
18.4398
18.9697
16.2134
17.1007
18.8071
18.8376
18.8582
18.0883
16.9017
20.7390
18.3480
18.1707
0.0000
17.5424
17.0264
16.4499
18.1750
20.0628
17.8764
18.7622
17.6660
20.5843
17.1483
18.5752
18.7635
0.0000
19.6579
19.1880
17.6110
17.9132
18.8218
18.2524
17.0075
17.5320
17.8286
16.6140
18.5469
18.0208
0.0000
14.9494
19.1666
17.7296
17.3390
19.2061
21.0682
18.7207
18.8635
17.7914
16.6271
15.3906
20.8696
0.0000
18.5752
18.4307
19.2815
15.5324
18.8540
17.1063
18.4231
16.9895
18.9404
19.4077
21.1819
16.6565
0.0000
19.0037
18.0361
18.1164
19.6144
15.6784
21.4727
19.2163
17.0075
17.2017
16.6932
18.2869
18.4738
0.0000
19.1260
18.4451
19.6426
19.2176
17.2959
17.0296
18.2004
17.3584
18.8635
19.2646
16.4017
18.1120
0.0000
16.8237
17.8305
16.9144
18.9839
18.7871
19.5186
17.7616
17.9543
18.4524
18.7725
18.0668
18.2460
0.0000
17.9382
15.2469
17.6682
19.1039
19.9841
19.1473
18.7334
17.1770
18.7571
19.1282
16.8428
18.6724
0.0000
16.5439
17.3247
18.4495
19.0437
19.8333
18.4178
17.5410
18.7202
18.7286
17.5128
18.0381
20.2525
0.0000
19.0965
16.8955
18.0929
17.0954
19.8876
16.7516
19.1057
17.3748
19.1289
16.9562
19.0618
19.3022
0.0000
18.1827
18.6555
19.1808
19.5818
19.6280
17.0731
17.1586
16.8025
17.7704
19.7661
16.3120
18.8081
0.0000
17.7618
19.6482
17.6645
19.5789
21.4876
21.1196
17.5240
18.0696
14.9813
16.3422
18.4548
18.3710
0.0000
17.6274
19.1954
16.0486
19.0366
17.8045
18.9514
17.5707
17.5949
18.7452
19.8244
18.2488
18.6946
0.0000
17.4917
19.9345
17.3146
18.7723
17.1982
17.1966
17.1705
20.5720
19.7302
16.5870
18.3889
18.3620
0.0000
18.6621
17.4038
17.8674
19.6404
18.9607
18.4666
17.1742
18.5757
18.0900
17.0499
18.3383
19.4823
0.0000
18.5789
16.9837
17.7226
19.1228
19.1052
20.8048
18.5623
16.8293
18.3947
19.5786
18.4820
16.6698
0.0000
17.2358
19.7669
19.2821
18.9580
18.3692
18.4224
19.2073
18.3050
15.9594
16.3573
19.2725
18.7134
0.0000
17.7067
18.0077
19.8085
17.9948
19.3757
15.9642
21.0899
18.3849
18.1766
18.7106
17.8076
17.8225
0.0000
17.5717
18.5287
16.8682
20.8328
19.3053
15.8538
17.9669
18.4457
16.6284
18.4317
18.5339
19.8914
0.0000
19.5529
18.4834
19.2262
18.6155
18.6651
17.4102
19.1509
16.6721
20.0613
18.9178
16.9608
17.7451
0.0000
16.9179
16.7148
19.2537
19.6625
17.7829
18.4099
18.9773
18.2981
16.6003
19.1106
19.4292
18.1804
0.0000
16.9664
17.3260
18.7717
19.3467
17.4965
17.5807
20.4146
20.2175
18.2640
18.3630
17.2930
19.9792
0.0000
18.5305
18.6646
20.0796
17.9522
18.2510
19.5546
19.4951
18.7320
16.4959
18.0090
16.3118
18.0341
0.0000
18.4731
16.1760
17.9683
18.6530
21.1995
19.7218
17.3221
17.2680
18.4168
18.2491
19.8591
17.1108
0.0000
20.6842
16.4887
19.3577
17.2255
18.9885
17.6574
17.8918
18.1744
18.4125
18.8522
17.7843
18.3066
0.0000
22.1801
18.6464
19.6376
17.1849
16.9385
17.3983
18.3368
18.6834
18.4248
15.9440
19.2690
17.8750
0.0000
17.1453
19.2772
19.4226
17.2703
17.1024
19.4008
18.6101
17.8589
18.7502
17.1714
18.6142
18.0580
0.0000
16.7593
19.1327
18.8871
17.1299
17.9264
18.1221
21.1951
16.8010
16.6997
19.2021
20.5774
16.5734
0.0000
19.0022
17.2495
19.6245
18.3865
18.6082
18.9500
18.4344
16.9538
18.5837
16.7909
18.1354
16.8125
0.0000
15.6649
17.7074
18.9797
17.4467
17.9709
19.2629
18.0111
17.9349
21.2122
16.9177
16.3431
17.9495
0.0000
17.0935
17.6202
18.3691
18.0007
21.1406
16.5347
19.2416
17.8853
17.3549
16.8603
16.6103
18.2942
0.0000
18.5154
17.1498
20.4711
15.9312
17.8865
18.8787
18.6165
18.1310
15.5772
17.6200
18.3642
18.2076
0.0000
17.4163
18.8311
19.5025
18.1527
15.7328
18.6054
17.3776
18.7727
16.9522
18.4158
17.3488
16.5082
0.0000
18.2026
18.1096
18.6533
17.3655
14.8276
17.8661
16.5241
19.2659
18.5854
18.3673
19.1516
18.7308
0.0000
20.2707
16.6667
16.3486
18.7664
19.3611
18.9177
16.6936
18.4670
15.3879
17.8847
19.0553
15.4185
0.0000
17.8188
18.1042
16.1798
15.9605
19.1646
18.4116
16.6987
17.4353
17.4894
20.3527
17.3060
15.7498
0.0000
17.6746
16.6165
17.8677
15.7717
18.0979
18.4221
17.6209
17.6014
18.4407
15.6017
19.5670
17.2582
0.0000
18.2080
20.4650
15.7829
17.0750
16.9538
16.5391
17.0258
16.7393
17.6173
18.2562
18.0430
17.1309
0.0000
18.1072
19.0590
16.0958
18.2185
18.8326
17.3933
17.9988
17.2062
17.6053
16.2599
17.1596
16.8375
0.0000
17.1444
18.7178
16.3193
17.8461
17.5892
17.4219
17.4618
17.2883
17.6132
17.5853
18.8374
16.8069
0.0000
16.2757
16.6612
18.3814
18.9295
19.5184
16.5653
15.8088
15.8231
17.7243
18.7857
17.0611
17.1101
0.0000
18.1118
15.3157
17.9390
17.4642
17.8538
15.8619
17.0431
18.3100
17.5702
18.6530
18.8452
15.6772
0.0000
16.3120
15.8118
18.6539
16.7194
19.8532
17.7200
17.6680
17.4702
18.3284
17.7361
14.0100
21.9007
0.0000
16.5760
16.6025
15.4527
16.4421
17.5281
19.6457
17.3464
17.4928
18.1186
16.7113
17.6323
18.9097
0.0000
17.8440
16.6942
16.9455
17.8706
16.4536
17.3399
17.5113
18.1238
17.1818
17.6880
17.4356
17.2824
0.0000
16.2050
18.8638
15.8793
15.3184
19.3254
17.9739
19.3085
17.3413
17.9658
15.5806
17.2756
17.1648
0.0000
16.3235
18.0985
17.9238
16.0688
17.9417
17.3101
16.3486
17.2127
17.1210
15.5823
17.0530
18.8921
0.0000
18.5630
15.7220
17.6343
17.8967
17.3399
17.7866
17.7302
16.9538
16.5746
18.4325
15.7206
15.9619
0.0000
16.6269
18.5144
18.4926
16.1959
16.1287
17.9395
15.4846
17.7583
17.9058
16.9077
17.1058
17.4988
0.0000
16.1346
18.8695
19.0922
16.2067
16.4333
18.3636
16.1514
19.3191
15.8470
15.5281
17.3139
17.5021
0.0000
16.9873
17.6956
17.3075
17.1656
15.7738
16.1094
16.0368
16.8094
17.9241
16.8310
17.4233
20.3349
0.0000
15.3594
16.4274
19.2638
16.5817
18.0750
16.8500
17.9365
17.0050
16.6747
17.7285
15.7355
17.5298
0.0000
17.2742
17.6052
16.2729
18.9151
16.3417
16.3797
15.7440
16.5280
15.5746
19.7172
19.1996
18.4250
0.0000
16.2057
17.0786
18.7006
16.0133
17.4282
15.0389
17.9727
16.9915
15.7298
18.1357
17.1993
19.1525
0.0000
19.2515
15.8558
15.2301
18.3304
17.6694
17.1058
15.6650
16.8700
16.8887
17.8611
17.6065
17.5800
0.0000
16.4950
18.8251
17.4640
16.6283
18.0412
16.6205
17.7756
16.1395
15.6450
19.7795
17.3625
15.4284
0.0000
16.3168
18.8361
16.9830
17.7742
17.7842
16.8411
15.6705
16.7728
17.0985
19.2440
15.8732
17.7543
0.0000
17.0469
18.8306
16.8369
17.2861
16.7360
18.1282
16.4287
18.0154
16.0142
16.3482
16.6446
18.0022
0.0000
18.8559
18.5499
17.7512
16.2796
16.0089
16.7801
15.7541
17.3861
18.0317
17.9873
16.6877
17.4567
0.0000
20.2750
18.0786
15.9605
15.6670
17.9385
17.7493
17.4623
17.6656
17.5183
17.0741
17.4259
15.4296
0.0000
16.4756
17.1087
16.6882
16.6072
16.5137
17.2418
18.3713
16.7204
18.1255
18.0578
17.1084
17.4099
0.0000
17.1687
16.6458
20.2826
18.0526
16.5921
16.1525
18.5598
15.8433
18.2776
17.6260
15.1766
17.2064
0.0000
17.2791
16.5592
15.4196
18.4062
17.2858
16.7164
17.7981
17.2397
18.6409
16.9200
16.9588
18.6699
0.0000
19.0961
17.1510
18.0373
14.9296
17.2373
16.1087
16.1012
19.5015
16.7971
16.6847
16.9882
17.3445
0.0000
17.2048
16.1625
18.8279
17.6868
16.7380
16.0184
18.3217
17.6133
18.1151
17.9058
16.6451
15.4096
0.0000
16.8314
16.3210
17.2148
18.2902
16.1110
17.4490
15.7790
19.8799
15.9802
16.1278
17.6036
19.8385
0.0000
18.2711
15.7052
18.8705
18.2307
16.3525
18.5298
16.5105
16.1003
17.4322
17.4909
15.7755
17.3236
0.0000
17.4283
17.7789
18.6818
18.3353
18.8018
17.0514
17.6553
16.7484
15.4169
17.0398
15.7002
18.9645
0.0000
17.2113
16.3428
18.3404
18.2743
17.6467
17.7734
15.8649
17.6356
16.2199
15.4583
17.0457
19.6406
0.0000
17.1579
17.2595
17.1666
17.0247
18.5129
18.5327
16.3414
17.3704
16.3673
17.5250
17.5425
16.6292
0.0000
15.0512
16.5436
18.4506
16.9087
17.0103
16.6714
18.4573
18.2793
17.5120
17.0490
18.1113
17.3625
0.0000
18.0100
17.6357
17.0572
16.6128
16.9375
16.7398
17.8877
17.6914
18.2224
18.0740
15.1121
17.3120
0.0000
16.5798
17.2308
18.6857
16.7313
15.0577
18.6910
17.0923
18.9040
19.4690
16.5354
15.4683
15.8787
0.0000
17.4025
16.2029
17.4303
15.2425
18.7614
18.3540
16.3407
15.1071
18.4008
18.7996
18.2673
16.8552
0.0000
19.1436
16.7334
15.1760
18.0897
16.4401
15.7544
17.6958
16.6614
17.1019
17.5478
17.0573
18.7729
0.0000
16.0107
18.6001
18.6953
17.7112
15.2298
18.4958
16.1010
16.0518
16.7146
17.7046
17.4288
17.6648
0.0000
17.9640
15.9344
19.0239
16.6104
14.4413
17.1865
17.0978
17.1507
16.7363
16.9579
18.7130
17.7866
0.0000
16.5305
15.5418
18.2004
16.6264
18.5843
16.0721
19.0927
16.0625
17.6938
15.5600
17.5697
17.4582
0.0000
16.5106
18.7218
17.0637
18.0883
16.6524
16.8847
17.5918
16.0667
17.2546
16.0592
15.1533
18.2413
0.0000
16.7716
16.4856
17.0764
16.1164
16.3714
17.5825
15.9356
18.3003
17.8054
16.2488
18.0374
17.3731
0.0000
15.3899
18.8271
16.3774
15.9583
18.0415
18.5093
18.3043
16.0648
17.8159
16.1651
17.0092
17.1274
0.0000
16.4938
16.8982
15.1056
17.5120
16.7306
18.4658
16.8629
17.5769
19.0726
15.2754
18.7889
17.7842
0.0000
15.0856
15.1870
17.9074
18.1768
16.7649
17.9621
19.0585
16.9560
16.0233
17.3180
17.0450
18.8829
0.0000
17.9249
15.8584
16.4571
18.1000
17.2529
17.6155
14.9552
16.6655
16.0040
19.4777
17.2045
17.9722
0.0000
17.6071
17.5864
16.5893
17.0510
16.7933
17.1933
17.5884
16.6262
16.0142
16.1742
17.9531
17.7238
0.0000
16.3267
16.0175
16.8190
16.6030
17.5030
16.9887
16.8026
16.7334
16.0928
16.6236
18.5982
18.6280
0.0000
18.6721
15.2918
17.3478
17.1411
18.4060
18.9783
16.5634
17.6572
16.7116
16.1101
15.6781
15.8766
0.0000
17.3232
15.5981
18.4608
16.2230
16.8350
15.3210
18.3103
15.9060
16.0473
19.0784
17.2036
17.3575
0.0000
18.3654
16.2905
17.4019
16.3833
17.3166
16.1632
17.1248
15.3116
17.1226
18.4139
17.8962
15.4199
0.0000
17.3143
17.1002
16.0585
16.8173
18.4280
17.1089
16.0203
18.3061
16.1176
16.1010
15.6307
18.8837
0.0000
17.0906
17.9174
17.0161
16.5580
17.0399
16.7206
17.7673
17.6306
17.6116
15.7043
17.4736
15.7024
0.0000
17.2866
18.9806
14.7328
15.9282
19.3289
17.1899
15.4219
16.9863
17.9541
17.1591
15.9788
16.1172
0.0000
16.5368
16.3629
16.6008
17.0034
14.2895
18.7103
17.3225
16.6974
17.1108
16.0212
16.6858
19.0877
0.0000
17.8564
16.6310
18.2527
16.6958
15.2829
16.2803
17.6228
15.2886
17.4010
16.1476
18.2966
17.5776
0.0000
16.6185
15.7537
18.6333
18.6769
17.0288
17.1075
16.6465
16.5227
17.2892
16.5852
14.9119
17.6757
0.0000
18.5806
17.5183
16.8226
17.0534
17.1540
13.5929
16.6911
18.3757
15.9296
17.8496
16.9050
16.8442
0.0000
17.0296
15.8493
16.7593
16.9880
16.4964
17.7574
15.4699
16.7423
18.2170
16.6655
18.6019
17.4599
0.0000
17.5134
18.7249
16.5835
15.6800
15.3973
16.8712
17.2079
19.0411
16.6939
16.9941
17.6010
17.2983
0.0000
16.2173
15.7199
16.6123
16.5705
18.6462
16.4773
17.2363
16.9930
19.6232
18.6753
15.6457
16.0891
0.0000
17.2167
17.9467
16.2024
16.9197
16.4051
15.4111
17.0668
16.6143
15.6170
16.9505
18.2909
19.0880
0.0000
18.5715
18.0637
17.7216
14.6344
16.5661
18.6615
18.5022
15.3194
16.2554
17.9229
16.7285
17.4946
0.0000
16.8106
16.3670
17.9082
17.8323
17.2825
17.6118
17.0868
18.3447
15.7622
16.6896
16.7407
17.3726
0.0000
19.5067
17.7900
17.8341
17.0095
15.2059
16.8153
16.8823
16.1488
17.9138
16.2782
17.9373
17.1259
0.0000
17.6252
17.7283
17.6118
16.1959
17.5969
18.3499
16.6813
15.2555
17.5594
17.9702
19.0312
15.4262
0.0000
16.4619
18.0776
14.8846
16.1842
16.9174
19.4702
16.4830
19.3039
15.4977
21.2526
17.3286
17.1974
0.0000
16.3999
17.6706
16.8283
19.1280
16.0175
17.0223
18.0300
18.5355
17.2142
16.3104
18.9030
15.7757
0.0000
17.6023
17.8159
19.7526
16.7777
18.1274
16.8089
15.7006
17.2457
18.5057
17.4072
15.5752
17.2491
0.0000
16.6103
17.1356
18.3239
17.7729
16.1084
16.5963
18.1318
18.6463
17.2332
17.7537
17.0843
17.3719
0.0000
17.6826
14.9993
18.0059
17.0265
17.6632
18.6292
17.8804
16.5485
20.5302
17.1567
15.5226
17.0601
0.0000
15.2992
16.0315
18.3175
19.2747
14.4952
16.2561
17.3036
16.9934
17.9639
19.3017
19.0721
19.6003
0.0000
17.4127
16.4077
18.4659
16.7517
17.3962
16.1833
16.3927
16.5450
18.0051
17.7889
19.3450
17.7132
0.0000
15.9125
18.2604
18.0455
17.6111
16.0896
17.5879
19.7170
16.8688
16.9155
15.6838
17.0212
16.3363
0.0000
16.3863
16.8317
15.2550
15.9158
16.1462
19.9464
17.4407
17.2921
17.0168
17.5091
19.9992
17.2370
0.0000
17.0519
16.6091
18.0373
18.1639
15.6742
18.2505
15.5620
19.1998
17.2219
16.2406
17.5918
17.1593
0.0000
14.9393
16.5448
15.8881
16.7067
17.6184
19.0910
18.0530
16.2092
17.3808
17.4296
18.8500
19.0747
0.0000
17.5754
16.8250
16.4125
16.2388
17.6787
18.8383
17.0820
14.9946
17.5693
17.2782
18.3757
19.1191
0.0000
17.6292
18.4732
15.4494
17.8706
16.9337
18.5548
16.0601
15.7762
21.0986
16.4981
17.6606
15.7260
0.0000
17.5833
16.2193
18.0103
17.7556
18.7173
18.5456
17.7695
15.4534
17.5096
15.2933
18.2203
17.1309
0.0000
16.9767
16.5225
16.3958
19.4903
17.2397
17.7173
17.1650
17.8086
16.0063
16.9593
16.6397
17.2249
0.0000
17.6970
18.2649
17.0196
15.8624
18.6509
17.3565
17.4202
15.7250
17.5005
18.1575
17.8577
17.6017
0.0000
17.5105
17.6038
16.5054
17.7397
16.6510
15.8696
18.6066
15.7119
16.9250
17.3353
17.8394
18.3230
0.0000
18.3410
17.0034
18.3562
17.6538
16.8226
15.3322
14.8924
18.0922
17.3971
18.2832
15.9968
18.9447
0.0000
17.0038
18.0858
18.5161
18.1781
16.1052
16.7275
17.7183
15.9559
19.1870
16.7599
16.6038
16.8549
0.0000
15.9571
16.8565
15.9592
17.7668
18.2021
18.2485
17.8816
19.2681
18.8016
17.2038
15.4040
15.8295
0.0000
17.8713
16.4564
16.8736
18.9743
17.2303
16.4344
18.3240
16.0903
17.4788
18.7588
15.0283
17.1707
0.0000
17.2263
16.7618
16.8214
16.5391
16.8291
16.2812
16.4872
18.0366
17.5820
19.3463
17.3175
17.1944
0.0000
18.7548
15.6013
18.0412
14.8410
17.2654
17.7112
15.4793
16.3014
18.8368
19.5013
17.7998
15.4721
0.0000
17.6179
16.8722
16.6577
18.1391
20.0034
15.8696
17.6357
19.1862
16.3151
16.6425
16.0765
15.6698
0.0000
18.7046
16.2739
15.2044
18.5577
18.0826
19.5364
16.4588
18.1989
14.7391
16.3584
16.5226
16.0961
0.0000
16.3961
17.8864
15.9333
17.2257
16.0683
17.9387
14.7316
16.6182
17.6885
18.5737
18.0667
16.9106
0.0000
17.4888
16.3616
16.0473
18.8803
17.5583
17.0036
16.3790
17.1460
15.3145
17.9819
17.4538
17.4882
0.0000
16.4633
17.9851
17.4360
16.1180
16.5649
16.4385
18.1674
17.7292
17.4424
17.1248
15.7654
17.0933
0.0000
16.0561
17.6188
15.4607
19.1527
16.4020
18.0357
17.4800
16.3840
15.9032
16.7782
16.6565
16.9649
0.0000
18.6747
16.5714
16.7844
15.6416
17.0736
16.9510
16.9639
16.3459
17.2286
17.2320
16.1812
17.4776
0.0000
17.1587
16.4938
18.0739
16.3858
17.4568
19.0469
15.9736
17.3892
17.0355
16.7064
15.6721
17.2348
0.0000
18.0960
19.2075
17.3447
14.8136
17.3089
15.8499
17.0680
17.5945
15.2061
17.6895
15.2865
17.3413
0.0000
16.2727
19.2318
17.3591
16.1982
17.1987
17.9633
16.9189
15.2750
15.9998
15.5997
18.0056
15.8836
0.0000
18.9116
14.2868
16.8106
14.9807
17.2085
17.4563
18.0848
18.0793
16.8904
16.3354
16.1847
16.8392
0.0000
15.1535
16.9148
18.0592
15.8684
16.0220
16.4438
17.6781
18.9892
15.6712
15.7609
15.5186
16.5315
0.0000
16.5228
18.1976
17.3745
16.4875
15.8438
17.0371
13.1233
14.8598
18.5725
17.8790
14.9474
17.6558
0.0000
16.7947
15.4305
17.0491
14.9678
17.3455
16.5233
16.4906
17.5176
17.2822
16.4913
16.3769
16.2003
0.0000
15.6641
16.9653
17.0750
15.5965
16.3192
15.8681
17.0754
15.5553
16.6183
17.0073
15.7127
17.9132
0.0000
14.4740
13.8669
15.3755
18.7787
16.9519
14.7511
17.2014
18.2160
18.2591
16.1821
15.8041
17.9702
0.0000
16.8108
15.6063
15.9983
16.1808
15.6420
16.5637
16.6560
16.5683
15.5478
17.5430
17.2568
15.6480
0.0000
17.3209
16.7402
15.1644
17.1018
15.9619
15.9676
15.5803
16.8738
15.8295
16.7079
15.7456
17.4722
0.0000
16.7756
16.8354
17.2861
15.8528
16.4231
17.7946
18.2472
16.3435
15.4692
14.3270
17.0550
16.1854
0.0000
18.9317
16.9944
17.6755
16.0864
16.2772
17.2493
16.5050
15.7733
16.1783
15.8398
15.4846
14.5811
0.0000
15.1842
16.7151
16.7592
14.8631
15.8625
16.5200
17.1116
15.7726
15.4774
19.0402
15.6677
18.1613
0.0000
16.7202
15.8451
16.7769
17.2439
16.3909
15.3431
14.6631
18.2195
17.1147
15.2955
15.7719
17.0102
0.0000
14.6126
18.8609
16.9794
17.9428
16.6426
14.7879
16.7688
16.4712
15.1128
16.5135
14.8768
16.3220
0.0000
18.4980
15.1525
15.7360
14.9924
16.7295
15.5344
15.6805
16.6502
16.2807
17.3979
16.0952
17.8991
0.0000
16.3012
16.0560
16.3892
15.9258
15.5542
15.7981
14.8532
17.2679
17.4003
16.7754
15.3825
16.5767
0.0000
17.3462
15.8901
15.5024
16.6831
16.2930
15.5028
15.2071
15.8132
16.1680
16.7625
16.4495
16.4399
0.0000
17.1079
15.4420
16.8374
15.8092
17.0698
16.4692
15.4811
14.7431
16.1062
16.9905
19.0300
14.3947
0.0000
16.2130
16.1236
17.2607
16.6213
17.2676
16.6826
14.5149
15.2920
15.8847
14.9134
15.2987
17.9960
0.0000
15.5322
15.9460
15.3575
17.7432
16.4716
16.5293
16.8494
16.5903
15.0490
15.8326
15.8118
17.0074
0.0000
17.8223
16.2274
17.1027
16.2462
16.8851
16.1024
15.1448
15.2414
18.1568
16.2072
14.0134
14.6812
0.0000
15.0779
14.9876
14.1252
16.9641
15.1646
15.4418
14.4631
19.2107
17.7438
16.3101
18.7676
17.8909
0.0000
17.2073
15.3144
14.7849
16.4529
18.9080
15.4240
15.9500
16.7412
17.6868
14.8058
16.8029
16.2391
0.0000
16.0291
15.7240
14.9690
16.0678
16.1550
15.8425
16.9234
18.1351
15.7997
15.9496
14.5725
16.5166
0.0000
14.5184
15.9031
17.3322
16.0874
14.9974
16.6799
17.0947
16.1639
17.8028
14.9805
16.9475
14.7578
0.0000
16.1404
17.9408
15.5710
15.1873
15.6118
16.6467
15.7676
16.2175
15.9392
15.3962
18.3337
14.9821
0.0000
16.3811
14.5781
15.9802
16.9678
16.6558
16.2077
16.8418
15.9152
14.3179
15.1629
16.9299
17.1954
0.0000
16.2197
14.6702
16.2312
16.2851
15.2519
16.8819
14.9979
15.8210
16.7577
15.6259
16.3808
18.0895
0.0000
17.2691
17.4639
17.9037
16.6226
15.4403
15.0704
16.6636
15.5168
17.5441
15.8374
14.7188
14.8212
0.0000
16.0298
17.1875
15.3460
15.9841
17.8382
13.9717
14.9389
17.9546
15.6297
15.3218
16.0135
18.3695
0.0000
14.3481
17.7220
14.2917
17.6384
14.3878
18.4813
17.4616
16.0935
16.1106
16.5709
16.5466
14.5394
0.0000
16.2007
17.2140
15.4115
14.5755
16.9826
17.1151
14.3463
18.1910
16.2964
15.8840
14.9688
15.4025
0.0000
15.2398
15.2107
14.7876
15.5654
15.6431
17.0977
15.4098
16.0921
16.7544
15.9389
17.7533
15.1623
0.0000
16.1179
16.5569
15.7649
16.2306
16.9561
17.1734
14.4060
16.4331
16.2000
15.9465
15.4732
14.8975
0.0000
16.9318
17.9345
15.2096
16.9846
14.6631
14.8634
15.1653
17.5027
14.2097
16.0286
19.0130
14.7210
0.0000
16.9529
15.3158
15.9847
17.5559
16.6052
15.2227
15.6303
15.9304
15.8002
16.9392
14.8120
16.6168
0.0000
16.1230
16.2792
15.0303
17.3067
18.2295
15.0634
15.9742
16.8298
16.9480
15.9557
14.0251
15.4674
0.0000
18.2641
16.1743
15.4785
16.1490
17.6872
16.9950
14.1116
15.4188
16.3349
17.2083
16.1783
14.5358
0.0000
16.4429
14.4079
16.2874
17.1890
16.2099
15.0126
15.4228
16.2957
14.2846
17.4092
16.6375
16.4373
0.0000
14.3311
14.0840
17.3720
15.7919
16.3423
16.3061
16.4185
16.7498
15.2906
16.3668
16.5123
17.0186
0.0000
16.8837
16.2637
15.2644
15.8427
16.8733
14.0122
16.8826
17.7228
15.3209
18.8607
14.8564
14.9235
0.0000
16.3796
15.1780
16.1968
15.9643
17.7600
15.7471
14.2755
15.0898
17.3375
15.9515
15.3426
16.5046
0.0000
14.3509
16.2161
16.2922
16.4501
17.0119
14.6186
15.5954
16.0546
16.3533
16.0219
16.2096
16.3632
0.0000
16.4014
14.8368
16.9062
15.1080
15.3130
18.2043
15.6792
15.6901
15.1273
18.1885
14.7943
16.4983
0.0000
14.4426
16.5723
16.7540
15.2661
15.2945
16.6682
17.8143
14.4949
15.0609
16.4780
16.8384
16.3901
0.0000
18.5714
15.6029
14.6008
16.6319
15.7505
14.6174
15.2474
17.3291
13.9767
15.3421
16.8198
16.3935
0.0000
17.2822
15.7730
18.3858
16.0618
15.4562
13.5949
15.6125
17.2378
14.4008
15.5954
17.2832
16.4308
0.0000
16.5115
15.9529
15.9315
16.1219
16.1233
17.1181
15.3348
14.5914
18.1752
15.4499
15.1309
15.4789
0.0000
16.0911
16.0308
15.4835
17.0747
15.1320
16.6216
17.2944
14.4522
15.7711
17.5461
14.3741
15.9339
0.0000
16.9107
16.4018
14.2879
13.7226
17.7621
15.9799
16.0784
14.0620
17.8621
17.2617
14.3548
17.3720
0.0000
15.8776
14.2264
16.4217
14.0044
15.3703
15.3944
15.9548
18.4465
15.3828
15.6262
16.5156
17.6004
0.0000
16.2100
16.0697
16.5585
14.3095
15.8451
18.0323
13.9602
16.2594
13.7562
16.6238
17.3926
16.9185
0.0000
16.4792
17.6694
14.7788
15.5791
14.2415
16.4939
14.4465
15.8153
16.3214
16.2284
15.9351
16.8328
0.0000
17.1930
14.8767
15.8911
15.4140
15.7209
15.3021
15.9060
17.0427
15.8800
16.2464
14.4297
15.0599
0.0000
15.7757
16.0445
14.1119
17.4725
16.4768
16.8829
15.6709
14.2718
15.3260
16.4343
15.8118
14.7911
0.0000
14.5735
16.8921
14.1413
14.1537
14.1796
15.6308
16.1209
17.7775
15.7714
17.3341
18.0005
14.8729
0.0000
14.4728
15.9695
15.8401
15.7445
15.7394
15.8423
15.4593
14.8370
16.5697
15.7312
16.1457
16.4418
0.0000
16.7507
14.8113
16.0151
15.6058
17.3049
13.6762
15.1773
14.2734
14.8435
17.0494
17.1664
15.8305
0.0000
16.3938
18.6531
15.3800
13.1946
14.0124
14.8344
16.5010
16.3077
14.2980
15.7952
17.0605
15.4853
0.0000
14.7199
14.2734
14.1390
17.0723
16.2575
15.7216
16.0464
17.7394
15.8450
15.5504
15.2912
14.8788
0.0000
14.0014
16.0820
15.7017
16.1700
16.2917
16.4873
17.0211
15.4053
15.8438
16.1865
16.2190
14.1891
0.0000
15.9915
15.6175
15.3728
14.6856
14.8342
16.1837
18.0407
15.5207
15.3478
15.2747
16.5068
14.7325
0.0000
15.8428
14.5333
15.8127
14.8267
17.5881
14.6103
17.1141
16.0587
14.8570
16.2349
16.7222
15.4284
0.0000
14.1574
16.7061
14.6887
16.4130
14.7969
17.7515
13.8472
15.6510
15.7058
16.9239
15.2857
15.0651
0.0000
14.2659
16.4158
15.7946
15.8127
16.1704
16.5261
15.8099
16.2769
14.8946
16.0120
14.5892
15.5814
0.0000
15.5137
15.0767
16.5040
15.5216
15.7024
14.6789
15.4695
15.7560
16.0238
16.0392
15.6911
15.8933
0.0000
15.9968
13.2290
15.8876
16.3350
15.2630
17.3717
14.6373
15.2564
15.5518
16.1310
17.3023
15.2747
0.0000
15.7039
16.8362
14.9969
14.8070
15.9983
16.8440
13.6472
14.5870
15.5764
16.4717
15.8014
13.8675
0.0000
15.0234
14.8450
16.6900
15.8096
14.6296
15.0772
13.8826
15.0810
16.0425
16.5992
16.3145
15.6449
0.0000
15.9621
16.8337
14.4990
15.5065
14.9938
15.6655
14.5354
14.1167
14.5630
16.2627
15.6815
15.6173
0.0000
14.6286
18.4375
14.2999
16.3824
14.3369
15.3291
16.0745
14.8629
14.8523
14.8627
15.1844
15.2237
0.0000
16.9816
14.5057
14.2668
15.0000
16.6012
14.1996
14.6646
13.4246
15.9967
16.3174
16.8237
15.7380
0.0000
14.6188
14.7301
17.0421
14.8269
15.9556
14.8944
15.1816
15.1309
15.9924
14.5250
16.0591
15.4051
0.0000
16.6520
15.4652
14.2330
16.4291
15.9566
14.1604
14.1241
15.3714
14.8662
16.0923
14.0011
15.4103
0.0000
15.1142
15.1320
14.4233
14.4853
15.4820
17.4027
16.0439
13.4724
14.4419
14.3953
16.7336
16.1238
0.0000
14.6070
16.7046
14.6823
14.0833
15.3438
15.9138
15.1856
12.4296
18.9184
16.4206
14.3349
15.0203
0.0000
15.1281
15.2613
16.8836
14.9037
15.6697
16.2130
13.9363
15.9382
14.3862
14.4007
15.1160
15.2455
0.0000
14.9370
16.0823
15.5783
17.4107
14.2978
15.3702
14.0828
15.8154
14.8291
15.7800
12.1821
15.7830
0.0000
14.4403
14.6255
16.4329
15.3399
14.5097
14.9250
15.6340
16.4373
16.7091
13.2867
13.8199
15.6562
0.0000
15.3373
14.9692
15.0795
15.3221
14.0520
14.9445
14.4014
15.9390
15.3630
15.9495
15.5180
15.5519
0.0000
14.4941
14.4208
14.2761
17.4355
15.0682
17.2710
14.6306
16.5243
14.3542
13.5014
15.4853
15.5144
0.0000
15.2060
13.6195
15.1942
15.1882
14.7266
15.6270
14.7493
16.1946
15.8918
15.5264
15.7127
15.2188
0.0000
14.5458
13.7914
14.0889
16.0312
16.8033
15.7224
14.3930
15.9333
14.3559
15.7888
15.5517
15.8521
0.0000
15.0841
16.6262
13.0305
14.4480
15.0947
14.1537
16.1203
15.8845
15.6188
15.6909
15.0930
17.1956
0.0000
15.1411
14.4904
14.2093
15.9188
16.6470
14.6791
15.4575
16.6317
14.1236
14.9774
15.4793
15.7517
0.0000
15.1716
16.7991
14.5088
16.5254
14.5731
15.8953
13.5602
13.7724
17.6668
15.7085
13.7090
15.5462
0.0000
17.6288
15.3457
13.8628
15.8076
12.3644
15.4692
16.2317
16.0608
17.1258
15.5447
15.1390
14.0422
0.0000
17.3970
15.2329
15.4447
14.8379
14.5414
16.4546
16.4693
13.5208
14.2838
14.1942
13.8920
15.5810
0.0000
16.2153
17.1942
13.6719
14.7010
14.2129
14.4867
16.5827
14.2698
15.5382
14.4695
15.3134
15.1875
0.0000
17.7964
11.8173
14.2875
17.0569
15.9561
15.6919
15.0431
16.0647
13.5156
15.6792
15.9160
14.3832
0.0000
17.0509
14.8932
13.7421
15.7131
15.7478
14.9207
15.5541
16.5456
15.5014
15.6089
15.1574
14.0005
0.0000
16.2991
14.3561
13.7794
15.3284
17.0444
14.9003
15.6548
15.0376
16.5848
13.3383
15.2161
16.0508
0.0000
16.9498
16.5548
16.0133
15.0957
12.8710
16.1699
15.6356
14.6374
15.4050
17.2823
13.6798
15.2043
0.0000
12.7652
15.1529
16.0741
14.5305
16.6758
13.8589
15.5630
16.4606
15.0466
15.5553
15.7771
15.5755
0.0000
17.3573
13.4216
15.9988
14.8821
15.7751
13.9331
14.3393
15.7839
16.0610
14.8604
15.9757
15.2178
0.0000
15.5667
16.8735
14.9124
14.8778
15.6902
15.0545
16.0618
17.8417
15.6887
14.6926
12.2285
15.4577
0.0000
17.3893
16.4544
14.7592
14.1624
14.7597
14.9749
14.3410
12.7477
15.3846
17.1905
16.9670
15.1896
0.0000
14.2318
13.5269
16.8384
15.9953
15.3036
14.3447
11.9583
15.8232
14.7997
18.9881
15.8345
15.2704
0.0000
16.9936
15.2440
15.2873
14.0760
15.7349
14.1381
14.8329
14.8401
15.5349
15.8374
14.8151
15.0509
0.0000
14.2751
15.0745
16.2622
12.8897
14.9877
14.2796
15.9351
15.8040
16.5045
12.8473
15.3909
17.5425
0.0000
14.6976
15.4309
13.3093
15.4966
15.7383
15.3163
16.0913
14.7185
15.6462
14.0921
15.0178
15.3969
0.0000
15.1995
13.6804
14.0093
14.1791
16.4053
14.6688
16.2927
15.5305
16.2423
13.4266
15.9426
16.8482
0.0000
14.3045
13.7155
14.9659
14.9418
14.2565
15.7058
16.4000
14.6818
14.5166
15.5854
16.3886
15.5416
0.0000
14.9832
15.2421
15.0209
14.7071
16.3031
13.2942
12.8366
14.5147
17.2609
16.8011
16.0060
14.3059
0.0000
15.1526
16.0811
17.3548
13.9231
15.6548
16.2865
13.1771
13.9473
13.0179
15.2548
14.8726
16.3653
0.0000
15.1299
15.3966
16.7097
15.9425
15.0553
16.2349
14.0735
15.1120
14.2493
14.2536
14.1367
14.1432
0.0000
13.1621
14.2157
14.9240
14.6728
16.5819
16.7755
14.3880
15.8545
15.2637
14.8407
14.0312
14.9408
0.0000
14.5743
17.2257
14.2675
13.7120
14.2438
15.0216
13.4784
16.2004
16.0221
14.0511
15.7544
14.4004
0.0000
14.6241
15.3877
14.4846
13.4157
14.2785
15.6778
17.9547
14.4981
15.0425
13.1979
14.1556
15.7820
0.0000
15.5514
15.2234
13.4632
14.9865
16.0573
16.3105
13.3543
15.2014
13.4635
15.2238
15.7920
15.3827
0.0000
15.9246
15.8921
13.3606
13.5253
14.8428
16.4137
14.9690
14.4408
15.9400
14.8565
13.8782
16.1414
0.0000
13.7290
15.2826
15.5513
13.9151
15.7708
14.9300
14.9712
14.6167
15.1603
15.1034
14.0905
15.9286
0.0000
14.9111
15.3397
15.4099
14.7594
14.8524
14.6281
17.7111
14.1721
13.2656
14.5708
14.2903
15.9458
0.0000
14.5089
14.6973
15.4724
14.8553
14.4804
15.0365
12.8834
15.7937
14.4747
14.0872
17.5561
15.6875
0.0000
15.4255
14.5258
14.8690
17.4857
14.7249
14.7772
16.1615
14.6510
12.6292
14.2076
14.4734
16.3221
0.0000
13.3357
15.1766
13.6128
14.4754
13.6020
14.9341
16.8052
15.8455
16.4563
16.5935
15.6646
14.2887
0.0000
16.6321
16.0665
14.3601
16.5733
14.6428
14.7076
14.4125
15.9043
12.4373
15.4868
16.7487
13.6193
0.0000
13.3220
15.3416
14.2815
15.3032
17.0887
15.0260
15.0114
15.3952
14.3109
16.5627
14.8902
15.6803
0.0000
16.0171
14.9661
15.6125
13.5646
13.9559
14.8296
15.2894
15.0912
14.5966
15.6321
16.1696
14.1140
0.0000
14.8882
15.3867
13.5140
12.1648
16.6101
18.4579
16.9423
14.6236
13.6220
13.2908
16.1689
14.4179
0.0000
13.6507
14.9774
14.3217
15.2332
14.5691
18.9290
15.4807
14.2150
14.7422
14.5921
14.6714
14.2810
0.0000
15.3496
14.9847
16.0360
15.2759
14.5653
14.8265
14.3554
16.3232
14.4720
14.1761
14.1642
15.8784
0.0000
14.3182
16.8881
13.1639
13.9387
14.8852
14.6154
14.4373
15.3293
16.1354
16.9846
14.1677
15.6521
0.0000
14.6998
15.2876
13.0043
14.8487
15.1471
13.7254
14.4361
14.1588
17.4577
14.9875
16.5043
16.0776
0.0000
17.3978
14.4015
14.4112
14.2379
15.5410
13.7835
14.7113
13.5103
15.0510
15.6401
15.8689
14.6962
0.0000
15.4551
15.9323
13.9114
16.7674
13.4622
13.7437
14.5263
15.0346
16.0154
14.0995
14.9131
16.4146
0.0000
13.3585
15.1206
14.6497
14.3759
13.6675
15.2351
16.2192
16.1245
15.8835
14.0129
14.1637
17.4531
0.0000
14.1030
15.5520
14.9197
12.9731
15.2312
15.0437
15.6562
14.8764
16.4660
15.2079
14.9643
15.7322
0.0000
14.0711
15.0675
15.3144
13.6746
15.3726
14.7900
15.5220
16.0002
16.7798
14.7749
16.1130
13.8819
0.0000
16.2701
14.0028
16.4614
14.7172
15.0126
15.2442
14.1719
14.4240
17.6030
13.6170
13.8686
15.9543
0.0000
15.3879
15.0940
14.9272
14.9724
18.1219
14.0250
13.9981
12.7871
15.8813
14.8622
15.8369
15.8906
0.0000
16.1245
14.2924
15.9147
14.4557
15.1447
14.3285
15.3507
15.9067
15.0442
14.7002
14.8812
13.8231
0.0000
14.2341
15.9913
13.5980
16.0873
13.7438
16.1907
14.6536
15.4811
13.8201
16.4697
14.8452
15.4130
0.0000
13.8731
16.0995
15.0260
18.6957
13.1295
14.7437
15.1674
12.5469
14.0795
15.5017
15.5139
15.5071
0.0000
14.9377
14.8373
13.0494
13.3741
14.6780
13.7618
15.3071
15.4080
14.8663
15.2310
17.6852
15.4906
0.0000
14.0895
16.9846
15.4249
14.2914
14.2311
15.4675
14.9418
15.1411
12.1868
15.1293
15.2584
15.4380
0.0000
14.7291
13.1124
16.3886
16.3201
14.7273
14.6959
14.2628
14.4437
14.8004
14.8362
15.4087
14.0114
0.0000
14.3229
14.3961
16.0712
13.2746
15.1912
14.6863
15.4119
13.2726
15.4271
16.6444
14.0089
15.5175
0.0000
16.1900
14.6752
14.4714
13.9732
15.3547
14.7805
13.6561
16.5542
14.0333
15.0769
14.3918
13.4754
0.0000
13.9676
14.6298
13.5124
15.7574
14.5284
15.1624
14.0670
15.7564
15.5078
14.6397
13.2845
14.9764
0.0000
15.6848
14.1098
15.1514
13.7057
15.7500
13.4324
13.5732
13.7502
15.5635
16.1912
13.2429
15.6968
0.0000
15.8256
13.9725
14.4870
13.0329
13.8752
15.4060
15.3492
14.9028
15.7603
15.4966
14.2341
14.1868
0.0000
16.5802
15.2603
12.1922
13.9417
14.4897
13.7779
14.7067
13.3347
15.9432
13.6153
15.8748
16.3563
0.0000
13.9150
15.7959
13.0083
14.0327
12.0243
17.0763
14.8337
13.2900
14.7079
14.2040
15.9072
16.5095
0.0000
14.6082
15.2649
13.6479
14.1681
15.7095
13.9464
14.5111
16.3668
15.3792
13.3936
14.6016
14.6923
0.0000
13.4477
12.9348
13.8488
12.5394
15.0672
16.3548
13.4400
15.4329
15.0532
17.7065
15.4235
14.0093
0.0000
14.2578
14.7195
14.6780
14.6385
14.2067
13.9240
14.5840
15.1936
14.1497
15.9995
16.1623
13.9275
0.0000
13.6421
14.6675
14.1222
15.1208
15.1875
15.4043
15.5032
14.7269
13.5644
13.2709
13.7465
15.7544
0.0000
13.5476
13.6641
14.9260
15.5894
13.8873
15.3401
13.5464
13.6436
13.2194
15.2321
14.0966
16.3810
0.0000
14.0322
14.5779
14.9939
15.9739
14.0289
13.6486
13.6756
12.7797
13.3336
16.1436
16.4326
14.3343
0.0000
14.0187
13.9077
14.8262
15.8256
12.8534
13.8868
13.3951
13.8004
16.6596
12.7930
16.3213
15.9350
0.0000
15.3931
15.2480
13.9709
15.9510
14.1408
13.4698
13.8087
14.9787
16.1924
13.9805
13.9443
13.8933
0.0000
14.7185
14.2788
13.2484
13.2393
14.1557
14.8440
14.5428
12.5376
14.5887
15.4463
14.5200
16.5499
0.0000
13.9841
15.1622
14.3341
14.6885
13.9195
13.6726
14.1731
13.6809
13.5760
13.7745
15.5605
15.2639
0.0000
14.1450
13.2421
14.8848
16.5914
14.0518
14.9426
15.1467
13.4095
13.7479
13.7502
13.1556
15.9745
0.0000
14.4024
15.8182
14.4930
14.1264
14.1596
14.1570
14.9062
15.3862
14.4418
14.5305
12.8812
14.1345
0.0000
14.3043
14.3046
15.4373
15.5866
13.9134
13.9732
14.8926
14.9487
14.8938
12.1049
12.9531
14.6510
0.0000
15.2143
14.0635
12.3974
14.1607
14.9001
13.7936
14.5120
14.6675
13.5244
14.9705
14.1476
14.5454
0.0000
14.3108
14.1875
14.1135
14.2969
13.6089
15.8039
15.3815
13.4142
13.0381
14.8663
16.1570
12.8605
0.0000
15.4489
13.5185
13.9940
13.8449
14.1953
12.6293
14.5262
15.7376
14.3858
13.1029
15.1108
14.3210
0.0000
14.0613
15.5149
15.6939
14.4103
14.7288
13.2146
16.5461
13.8861
13.0901
12.4583
13.0142
16.1280
0.0000
14.4551
14.3250
15.9171
12.4221
13.6512
14.3918
15.3914
14.2490
13.6451
16.1074
13.4732
12.9671
0.0000
13.9209
16.1314
14.1822
16.1583
13.3316
13.4774
14.1538
13.1866
13.7900
16.5850
12.3856
13.0908
0.0000
14.1815
14.1892
13.2848
15.9992
15.3646
13.7527
14.3637
14.7280
14.2940
13.1192
13.0725
13.1484
0.0000
13.0338
15.5551
13.9809
12.0882
13.6913
13.8125
14.4846
14.3007
15.1856
13.6551
14.1712
15.7822
0.0000
13.4284
14.5354
14.5344
13.0749
13.5935
15.1193
15.3557
13.5639
12.8789
15.2400
14.6476
12.9984
0.0000
14.0411
15.4657
13.3686
13.9692
14.3640
14.1279
13.6967
13.3435
14.7254
12.8465
13.6089
14.9460
0.0000
14.9221
13.5084
16.7806
13.3208
13.6399
13.8149
12.7031
13.5578
16.5092
12.2002
14.6106
13.4202
0.0000
12.8179
14.3276
12.3954
14.5010
13.4737
15.1252
13.5369
15.2765
15.8511
13.8172
14.4274
13.0866
0.0000
14.2611
14.5850
13.9111
14.2716
15.4761
12.5581
13.4325
13.0765
13.9290
14.6729
14.2204
13.6491
0.0000
13.5353
14.3323
14.7819
16.2290
14.1200
12.9088
13.1378
14.7134
14.3380
13.7159
12.5256
13.6087
0.0000
13.9565
13.4195
12.5386
15.2207
14.7600
13.6238
14.6748
15.3824
13.8880
14.7236
13.9157
13.1933
0.0000
14.4102
14.4854
13.2195
12.9587
14.4173
13.4728
14.1185
13.6944
14.6829
16.5914
12.9449
13.2980
0.0000
14.4753
16.1591
14.4653
14.1831
15.2510
14.3816
13.9709
11.3435
12.9798
13.2034
12.9260
15.0464
0.0000
13.2057
16.4633
13.5142
13.0690
13.1576
13.8693
14.1217
13.1364
15.6285
14.7468
12.3231
14.2088
0.0000
14.0826
14.5578
13.0869
12.9874
15.3782
14.9590
14.2153
14.1180
14.8724
13.3977
13.1797
13.0931
0.0000
12.2170
11.5353
14.3849
16.2841
14.4978
15.0553
17.4224
14.3115
13.2374
13.8118
12.7084
11.7955
0.0000
14.7188
14.0347
13.9757
15.1775
13.0251
12.9431
12.7780
14.4609
13.9125
13.0133
13.4247
13.1353
0.0000
12.6952
14.2456
12.7327
12.5860
12.7990
14.8827
14.3852
14.6033
15.7329
13.5514
14.0659
13.4055
0.0000
13.2017
11.5051
14.2290
13.5346
13.0930
15.4098
15.5491
13.3835
13.8970
14.0615
16.5369
11.6951
0.0000
15.4659
15.1433
13.9316
13.3281
11.9035
12.3718
13.5445
17.0961
14.8943
13.5334
11.8960
13.3533
0.0000
13.0166
12.4588
15.4284
13.1259
14.4900
13.5028
14.9836
13.5566
12.8887
15.4501
14.3611
12.9205
0.0000
13.6704
14.3967
14.9395
15.9939
13.6740
13.1349
14.3363
13.3949
13.0539
12.1775
13.0758
14.3361
0.0000
14.4673
13.0866
14.0554
12.7586
13.1110
14.8038
14.2905
13.8962
12.5928
14.7873
14.1964
13.1882
0.0000
15.0889
14.5353
14.3098
14.0383
12.7614
14.4617
12.2146
12.9319
14.1555
13.3284
14.7598
12.4520
0.0000
13.5089
15.7269
14.0272
13.8123
14.4399
12.3088
13.4555
13.9425
13.9942
12.8068
14.4673
13.3577
0.0000
13.4200
13.9888
13.5108
14.0163
13.3916
13.3352
14.3640
15.7107
13.6748
13.9812
12.6912
13.1374
0.0000
13.0980
13.7665
13.9612
14.6186
12.8062
13.5512
12.9699
14.0046
13.9212
12.1961
13.9666
14.6528
0.0000
13.5091
14.1379
15.8484
13.0197
13.1787
13.7858
13.4591
14.0857
12.0082
13.1667
13.2815
15.0603
0.0000
14.5207
13.5666
13.1328
17.2153
14.6119
12.4214
13.7889
12.6284
13.9704
12.4515
13.0075
13.4434
0.0000
12.2544
14.1965
14.3667
14.1011
13.5748
12.8183
12.7531
15.5990
13.3177
13.8663
14.8308
13.1173
0.0000
14.4420
14.3288
12.1574
12.4811
13.7463
14.1372
13.6108
12.0673
12.6870
15.6053
11.8406
16.4460
0.0000
15.6176
12.9305
13.3686
12.3465
12.8466
12.5294
13.4448
13.7358
12.8067
13.4508
15.4257
16.9260
0.0000
15.9073
13.4605
12.2201
13.2060
12.8734
14.2896
15.6250
12.7815
14.4348
13.3937
13.7846
12.6255
0.0000
14.7455
13.0335
13.7766
14.1953
14.1536
12.1928
14.9700
13.2730
13.3172
13.3762
13.4638
13.4145
0.0000
14.1274
11.9878
14.7475
14.2820
13.9334
12.6616
13.6522
13.2715
14.2334
14.0925
13.5125
13.3421
0.0000
12.8679
14.8026
14.8423
13.6024
14.3586
13.9332
15.5484
13.7107
12.4557
13.4029
13.4361
13.0947
0.0000
14.6925
12.5616
13.0894
13.5647
13.5476
14.8147
13.2479
13.5786
13.5714
13.5680
14.3552
13.1341
0.0000
13.1817
13.3644
14.3199
14.6964
14.6987
12.5292
12.6153
12.9596
14.2185
12.6490
15.4103
11.7808
0.0000
13.9212
13.6269
12.5772
15.1071
14.2173
14.1121
13.3161
13.0765
12.9802
13.4732
13.8882
13.9856
0.0000
13.0198
13.2375
14.6496
12.8976
12.7866
13.7483
14.0989
14.4861
12.9918
14.9536
14.9958
13.2626
0.0000
12.5879
14.0934
14.0246
13.6306
14.3497
12.6805
14.3606
14.4563
11.9746
14.0442
14.6738
13.0662
0.0000
11.4463
13.7212
13.9061
11.5032
14.4517
14.2549
14.9428
12.7008
13.5868
12.9142
15.5393
14.6594
0.0000
13.9055
14.9293
12.9601
13.1174
15.3246
12.0156
12.9576
12.9839
14.2207
13.1283
13.2083
15.4166
0.0000
12.4149
12.9017
12.6766
13.0942
13.6135
14.1658
14.1638
13.6937
14.3118
14.4108
15.2686
13.3333
0.0000
14.4583
12.8330
14.3979
13.0201
16.2180
12.3192
12.5632
13.8459
13.8416
13.9092
14.7141
13.2390
0.0000
12.1866
14.3464
13.6960
14.2629
13.8748
13.7512
14.2673
13.7413
13.8644
13.4002
14.9482
13.1399
0.0000
